--------------------
BDMEP - INMET
--------------------
Estação           : BOA VISTA - RR (OMM: 82024)
Latitude  (graus) : 2.82
Longitude (graus) : -60.66
Altitude  (metros): 83.00
Estação Operante
Inicio de operação: 01/01/1923
Periodo solicitado dos dados: 01/01/2015 a 28/02/2018
Os dados listados abaixo são os que encontram-se digitados no BDMEP
Hora em UTC
--------------------
Obs.: Os dados aparecem separados por ; (ponto e vírgula) no formato txt.
      Para o formato planilha XLS, siga as instruções
--------------------
Estacao;Data;Hora;TempBulboSeco;TempBulboUmido;UmidadeRelativa;PressaoAtmEstacao;DirecaoVento;VelocidadeVentoNebulosidade;
82024;01/01/2015;0000;28.1;;66;;9;1.02888;0;
82024;01/01/2015;1200;27.8;;67;;5;2.5722;2.5;
82024;01/01/2015;1800;32.2;;48;;3;2.05776;6.25;
82024;02/01/2015;0000;28.2;;69;;5;1.02888;2.5;
82024;02/01/2015;1200;25.8;;80;;5;1.02888;3.75;
82024;02/01/2015;1800;33.1;;46;;5;2.05776;6.25;
82024;03/01/2015;0000;28.6;;61;;5;3.08664;3.75;
82024;03/01/2015;1200;27;;71;;5;2.05776;0;
82024;03/01/2015;1800;33.8;;37;;5;3.08664;2.5;
82024;04/01/2015;0000;28.6;;59;;5;2.05776;0;
82024;04/01/2015;1200;27.6;;69;;5;2.05776;3.75;
82024;04/01/2015;1800;34;;44;;5;1.02888;3.75;
82024;05/01/2015;0000;29.8;;59;;5;1.02888;0;
82024;05/01/2015;1200;26.1;;74;;5;2.05776;7.5;
82024;05/01/2015;1800;31.8;;50;;5;2.05776;10;
82024;06/01/2015;0000;28.8;;70;;9;1.02888;3.75;
82024;06/01/2015;1200;25.3;;74;;5;4.11552;10;
82024;06/01/2015;1800;32.9;;41;;5;2.05776;10;
82024;07/01/2015;0000;28.5;;65;;5;1.02888;0;
82024;07/01/2015;1200;25.8;;78;;5;3.08664;10;
82024;07/01/2015;1800;33.2;;44;;5;2.05776;8.75;
82024;08/01/2015;0000;29.2;;59;;9;1.02888;3.75;
82024;08/01/2015;1200;25.5;;73;;5;2.05776;10;
82024;08/01/2015;1800;32.7;;50;;5;3.08664;10;
82024;09/01/2015;0000;29.6;;60;;5;2.05776;0;
82024;09/01/2015;1200;26.2;;76;;5;4.11552;10;
82024;09/01/2015;1800;33.7;;46;;5;1.02888;10;
82024;10/01/2015;0000;29.8;;60;;9;1.02888;0;
82024;10/01/2015;1200;26;;80;;5;2.05776;10;
82024;10/01/2015;1800;32.7;;48;;5;2.05776;10;
82024;11/01/2015;0000;27.8;;76;;9;1.02888;6.25;
82024;11/01/2015;1200;26.3;;76;;5;1.02888;10;
82024;11/01/2015;1800;;;;;5;1.02888;10;
82024;12/01/2015;0000;29.3;;62;;5;1.02888;0;
82024;12/01/2015;1200;26.6;;79;;5;1.54332;10;
82024;12/01/2015;1800;31.8;;51;;5;2.05776;7.5;
82024;13/01/2015;0000;28.2;;68;;5;1.02888;0;
82024;13/01/2015;1200;28.2;;69;;9;2.05776;0;
82024;13/01/2015;1800;32.8;;50;;9;2.05776;6.25;
82024;14/01/2015;0000;28.5;;72;;0;0;0;
82024;14/01/2015;1200;27.7;;70;;5;2.05776;6.25;
82024;14/01/2015;1800;31.5;;62;;9;2.05776;7.5;
82024;15/01/2015;0000;29.6;;63;;5;2.5722;3.75;
82024;15/01/2015;1200;26.3;;79;;5;1.54332;10;
82024;15/01/2015;1800;32.2;;53;;5;1.02888;6.25;
82024;16/01/2015;0000;27.2;;84;;0;0;3.75;
82024;16/01/2015;1200;27.8;;69;;5;2.05776;2.5;
82024;16/01/2015;1800;32.3;;50;;5;1.54332;7.5;
82024;17/01/2015;0000;28.2;;65;;5;2.05776;0;
82024;17/01/2015;1200;26.7;;73;;5;1.54332;0;
82024;17/01/2015;1800;36;;40;;5;1.54332;6.25;
82024;18/01/2015;0000;29.1;;85;;5;1.02888;0;
82024;18/01/2015;1200;27.7;;71;;9;2.05776;8.75;
82024;18/01/2015;1800;34.4;;53;;5;1.02888;7.5;
82024;19/01/2015;0000;29.7;;59;;0;0;0;
82024;19/01/2015;1200;26.3;;77;;5;2.05776;10;
82024;19/01/2015;1800;32;;55;;5;1.02888;10;
82024;20/01/2015;0000;28.8;;71;;9;1.02888;0;
82024;20/01/2015;1200;25.8;;81;;5;2.05776;10;
82024;20/01/2015;1800;32;;59;;9;1.02888;10;
82024;21/01/2015;0000;25.7;;88;;0;0;2.5;
82024;21/01/2015;1200;25.9;;84;;9;1.02888;10;
82024;21/01/2015;1800;32.9;;47;;5;3.08664;10;
82024;22/01/2015;0000;29.9;;64;;0;0;3.75;
82024;22/01/2015;1200;24.7;;90;;5;2.05776;10;
82024;22/01/2015;1800;31.6;;53;;9;3.08664;10;
82024;23/01/2015;0000;28.5;;70;;9;1.02888;6.25;
82024;23/01/2015;1200;25.9;;75;;5;3.08664;10;
82024;23/01/2015;1800;33.7;;42;;5;3.08664;10;
82024;24/01/2015;0000;28.8;;63;;0;0;0;
82024;24/01/2015;1200;25.9;;72;;5;2.05776;10;
82024;24/01/2015;1800;34.5;;40;;5;3.08664;10;
82024;25/01/2015;0000;29.5;;59;;0;0;0;
82024;25/01/2015;1200;26.7;;70;;5;4.11552;10;
82024;25/01/2015;1800;34.7;;49;;5;4.11552;10;
82024;26/01/2015;0000;29.9;;55;;9;2.05776;0;
82024;26/01/2015;1200;25.9;;73;;5;4.11552;10;
82024;26/01/2015;1800;33;;44;;9;2.05776;3.75;
82024;27/01/2015;0000;29.1;;53;;5;2.05776;0;
82024;27/01/2015;1200;27.4;;65;;5;4.11552;5;
82024;27/01/2015;1800;31.4;;51;;9;3.08664;10;
82024;28/01/2015;0000;29.2;;56;;5;1.54332;6.25;
82024;28/01/2015;1200;26.2;;74;;9;2.05776;5;
82024;28/01/2015;1800;31.9;;56;;5;2.05776;5;
82024;29/01/2015;0000;29;;63;;5;2.05776;7.5;
82024;29/01/2015;1200;25.7;;78;;5;3.08664;10;
82024;29/01/2015;1800;28.2;;73;;9;2.05776;10;
82024;30/01/2015;0000;26.1;;86;;0;0;2.5;
82024;30/01/2015;1200;27.2;;74;;5;4.11552;2.5;
82024;30/01/2015;1800;31.4;;63;;9;1.02888;6.25;
82024;31/01/2015;0000;27.5;;72;;5;1.02888;0;
82024;31/01/2015;1800;32.2;;52;;5;2.05776;8.75;
82024;01/02/2015;0000;29.3;;60;;5;1.02888;5;
82024;01/02/2015;1200;27.8;;69;;5;3.08664;2.5;
82024;01/02/2015;1800;34.8;;46;;5;2.5722;6.25;
82024;02/02/2015;0000;28.9;;60;;5;1.02888;2.5;
82024;02/02/2015;1200;27.5;;71;;9;3.08664;6.25;
82024;02/02/2015;1800;34.5;;36;;9;2.5722;5;
82024;03/02/2015;0000;29.3;;60;;9;1.02888;3.75;
82024;03/02/2015;1200;26.5;;73;;5;1.02888;3.75;
82024;03/02/2015;1800;34.8;;43;;5;2.05776;6.25;
82024;04/02/2015;0000;30.1;;66;;0;0;3.75;
82024;04/02/2015;1200;26.3;;75;;5;2.5722;10;
82024;04/02/2015;1800;33;;41;;5;2.05776;3.75;
82024;05/02/2015;1200;25.8;;69;;5;3.08664;10;
82024;05/02/2015;1800;33;;48;;5;2.05776;8.75;
82024;06/02/2015;0000;29.1;;63;;5;1.02888;0;
82024;06/02/2015;1200;26.1;;69;;5;2.05776;0;
82024;06/02/2015;1800;33.8;;42;;5;2.05776;8.75;
82024;07/02/2015;0000;29.7;;55;;9;1.02888;0;
82024;07/02/2015;1200;26.8;;69;;9;2.05776;10;
82024;07/02/2015;1800;36.4;;37;;36;1.02888;7.5;
82024;08/02/2015;0000;31.5;;51;;5;1.02888;6.25;
82024;08/02/2015;1200;27.4;;69;;5;1.02888;7.5;
82024;08/02/2015;1800;36.3;;39;;5;1.02888;10;
82024;09/02/2015;0000;32.1;;52;;5;2.05776;2.5;
82024;09/02/2015;1200;27.1;;71;;5;4.11552;10;
82024;09/02/2015;1800;34.1;;44;;5;1.02888;10;
82024;10/02/2015;0000;29.2;;62;;9;1.02888;0;
82024;10/02/2015;1200;26.6;;70;;5;3.08664;10;
82024;10/02/2015;1800;36;;42;;9;1.02888;10;
82024;11/02/2015;0000;29.5;;55;;9;2.05776;3.75;
82024;11/02/2015;1200;26.8;;77;;9;1.02888;10;
82024;11/02/2015;1800;35.1;;45;;9;1.02888;8.75;
82024;12/02/2015;0000;29.8;;68;;5;1.02888;3.75;
82024;12/02/2015;1200;28.9;;68;;9;2.05776;2.5;
82024;12/02/2015;1800;35.9;;40;;5;3.08664;6.25;
82024;13/02/2015;0000;30;;63;;9;1.02888;6.25;
82024;13/02/2015;1200;28.7;;63;;5;3.08664;6.25;
82024;13/02/2015;1800;31;;67;;9;2.05776;7.5;
82024;14/02/2015;0000;29.2;;60;;5;1.02888;5;
82024;14/02/2015;1200;27;;77;;9;2.05776;5;
82024;14/02/2015;1800;34.3;;46;;9;2.5722;6.25;
82024;15/02/2015;1200;27;;89;;5;2.05776;0;
82024;15/02/2015;1800;34.7;;43;;5;2.05776;5;
82024;16/02/2015;0000;29.5;;63;;0;0;0;
82024;16/02/2015;1200;25.9;;72;;5;3.08664;10;
82024;16/02/2015;1800;32.9;;43;;5;3.08664;10;
82024;17/02/2015;0000;28.9;;61;;9;1.02888;0;
82024;17/02/2015;1200;27.6;;68;;5;2.05776;7.5;
82024;17/02/2015;1800;32.8;;51;;5;2.05776;10;
82024;18/02/2015;0000;29.6;;67;;9;1.02888;0;
82024;18/02/2015;1200;26.9;;73;;9;2.05776;10;
82024;18/02/2015;1800;31.8;;52;;9;2.05776;10;
82024;19/02/2015;0000;29.6;;60;;9;2.05776;0;
82024;19/02/2015;1200;26.9;;74;;5;3.08664;10;
82024;19/02/2015;1800;33.2;;42;;5;3.08664;10;
82024;20/02/2015;0000;29.2;;60;;9;1.02888;0;
82024;20/02/2015;1200;26.3;;69;;9;4.11552;10;
82024;20/02/2015;1800;34.7;;39;;5;1.02888;7.5;
82024;21/02/2015;0000;30.9;;53;;9;1.02888;1.25;
82024;21/02/2015;1200;25.8;;75;;5;2.05776;10;
82024;21/02/2015;1800;34.8;;43;;5;3.08664;10;
82024;22/02/2015;0000;30;;60;;0;0;0;
82024;22/02/2015;1200;26.8;;68;;5;4.11552;10;
82024;22/02/2015;1800;34.7;;43;;5;1.02888;10;
82024;23/02/2015;0000;30.4;;58;;9;1.02888;3.75;
82024;23/02/2015;1200;26.5;;71;;5;2.05776;3.75;
82024;23/02/2015;1800;32.7;;49;;5;2.05776;7.5;
82024;24/02/2015;0000;30.5;;55;;5;2.05776;2.5;
82024;24/02/2015;1200;26.5;;67;;5;2.05776;7.5;
82024;24/02/2015;1800;30.8;;59;;5;1.02888;7.5;
82024;25/02/2015;0000;29.1;;64;;0;0;5;
82024;25/02/2015;1200;26.9;;65;;5;4.11552;2.5;
82024;26/02/2015;1200;27.3;;68;;5;2.05776;6.25;
82024;26/02/2015;1800;33;;51;;5;2.05776;7.5;
82024;27/02/2015;0000;30.1;;60;;5;2.05776;2.5;
82024;27/02/2015;1200;25;;90;;5;2.05776;10;
82024;27/02/2015;1800;32.8;;50;;5;3.60108;6.25;
82024;28/02/2015;0000;29.2;;68;;5;1.02888;2.5;
82024;28/02/2015;1200;26.9;;74;;5;2.05776;3.75;
82024;28/02/2015;1800;34.2;;41;;5;1.02888;5;
82024;01/03/2015;0000;29.4;;61;;0;0;0;
82024;01/03/2015;1200;27.8;;69;;5;2.5722;5;
82024;01/03/2015;1800;34.4;;46;;5;2.05776;6.25;
82024;02/03/2015;0000;29.3;;72;;5;1.02888;2.5;
82024;02/03/2015;1200;27.4;;69;;5;2.5722;10;
82024;03/03/2015;1200;27.6;;67;;9;1.54332;10;
82024;04/03/2015;0000;31.4;;53;;0;0;6.25;
82024;04/03/2015;1200;25.6;;74;;5;3.60108;10;
82024;05/03/2015;0000;28.7;;61;;5;1.02888;6.25;
82024;05/03/2015;1200;26;;69;;9;1.02888;10;
82024;06/03/2015;0000;29.7;;60;;9;1.02888;7.5;
82024;06/03/2015;1200;28.3;;63;;5;3.60108;2.5;
82024;07/03/2015;0000;29.9;;61;;5;1.54332;5;
82024;07/03/2015;1200;27;;71;;5;3.08664;10;
82024;08/03/2015;0000;28.9;;70;;9;1.02888;2.5;
82024;08/03/2015;1200;27.7;;66;;9;3.08664;3.75;
82024;09/03/2015;0000;29.9;;60;;5;1.02888;0;
82024;09/03/2015;1200;27.1;;71;;5;2.5722;10;
82024;10/03/2015;0000;28.8;;73;;9;1.02888;0;
82024;10/03/2015;1200;28;;69;;5;3.60108;6.25;
82024;11/03/2015;0000;29.2;;61;;5;2.05776;0;
82024;11/03/2015;1200;28.8;;61;;5;3.08664;3.75;
82024;12/03/2015;0000;29.7;;57;;5;2.05776;0;
82024;12/03/2015;1200;28.9;;62;;5;3.08664;2.5;
82024;13/03/2015;0000;30;;56;;9;1.02888;0;
82024;13/03/2015;1200;28.3;;60;;5;3.08664;2.5;
82024;14/03/2015;0000;30.2;;57;;5;3.08664;0;
82024;14/03/2015;1200;27.9;;64;;5;3.08664;3.75;
82024;15/03/2015;0000;30.7;;57;;5;1.54332;2.5;
82024;15/03/2015;1200;28.1;;66;;5;3.60108;10;
82024;16/03/2015;0000;29.7;;65;;5;1.54332;0;
82024;16/03/2015;1200;29;;62;;5;3.08664;2.5;
82024;17/03/2015;0000;30.3;;61;;5;1.54332;0;
82024;17/03/2015;1200;27.4;;63;;5;3.60108;10;
82024;18/03/2015;0000;29.4;;66;;0;0;8.75;
82024;18/03/2015;1200;27.5;;70;;9;3.08664;7.5;
82024;19/03/2015;0000;29.4;;59;;5;1.54332;0;
82024;19/03/2015;1200;27.6;;70;;5;2.05776;7.5;
82024;20/03/2015;0000;30;;63;;0;0;2.5;
82024;20/03/2015;1200;28.4;;61;;5;3.08664;3.75;
82024;21/03/2015;1200;27.2;;71;;9;1.02888;6.25;
82024;22/03/2015;0000;29.4;;59;;9;1.02888;0;
82024;22/03/2015;1200;27.9;;62;;9;1.02888;7.5;
82024;23/03/2015;0000;30.3;;62;;9;1.02888;0;
82024;23/03/2015;1200;27.9;;60;;5;2.5722;6.25;
82024;24/03/2015;0000;30.1;;61;;0;0;3.75;
82024;24/03/2015;1200;27;;65;;5;2.05776;10;
82024;25/03/2015;0000;30;;65;;9;1.02888;2.5;
82024;25/03/2015;1200;27.9;;72;;9;1.02888;8.75;
82024;26/03/2015;0000;31.3;;58;;0;0;0;
82024;26/03/2015;1200;29.5;;62;;5;2.05776;6.25;
82024;27/03/2015;0000;29.5;;63;;9;1.02888;0;
82024;27/03/2015;1200;30.2;;63;;5;2.5722;2.5;
82024;28/03/2015;0000;30.8;;69;;9;1.02888;3.75;
82024;28/03/2015;1200;29.7;;58;;9;3.08664;0;
82024;29/03/2015;0000;31.1;;55;;9;2.5722;2.5;
82024;29/03/2015;1200;23.9;;91;;5;2.5722;10;
82024;30/03/2015;0000;28.3;;76;;5;1.02888;5;
82024;30/03/2015;1200;27.9;;66;;5;4.62996;7.5;
82024;31/03/2015;0000;28.7;;82;;0;0;2.5;
82024;31/03/2015;1200;26.9;;68;;5;2.5722;10;
82024;01/04/2015;0000;26.9;;80;;5;1.02888;7.5;
82024;01/04/2015;1200;28.3;;64;;9;2.05776;10;
82024;02/04/2015;0000;28.8;;100;;0;0;3.75;
82024;02/04/2015;1200;28;;68;;5;4.11552;2.5;
82024;03/04/2015;0000;28.8;;60;;5;1.02888;0;
82024;03/04/2015;1200;28.1;;65;;5;3.08664;0;
82024;04/04/2015;0000;29.9;;56;;5;1.02888;2.5;
82024;04/04/2015;1200;28.9;;61;;5;3.08664;2.5;
82024;05/04/2015;0000;30.1;;55;;5;1.02888;0;
82024;05/04/2015;1200;27;;64;;5;4.11552;0;
82024;06/04/2015;0000;32.6;;45;;5;2.05776;3.75;
82024;06/04/2015;1200;28.3;;67;;5;4.11552;2.5;
82024;07/04/2015;0000;31.5;;49;;9;1.02888;3.75;
82024;07/04/2015;1200;28.3;;60;;5;3.60108;0;
82024;08/04/2015;0000;32;;54;;0;0;3.75;
82024;08/04/2015;1200;26.1;;72;;5;4.11552;0;
82024;09/04/2015;0000;29.9;;61;;5;1.02888;0;
82024;09/04/2015;1200;27.7;;64;;5;3.08664;6.25;
82024;10/04/2015;0000;30.1;;58;;5;2.05776;0;
82024;10/04/2015;1200;28.9;;65;;5;4.11552;6.25;
82024;11/04/2015;0000;30.3;;59;;5;1.54332;6.25;
82024;11/04/2015;1200;28.7;;64;;5;3.08664;3.75;
82024;12/04/2015;0000;29.9;;60;;5;2.05776;0;
82024;12/04/2015;1200;27.4;;72;;5;2.05776;8.75;
82024;13/04/2015;0000;30.3;;62;;5;1.54332;6.25;
82024;13/04/2015;1200;29.2;;67;;5;3.08664;7.5;
82024;14/04/2015;0000;30.8;;58;;0;0;2.5;
82024;14/04/2015;1200;27.8;;73;;5;3.08664;3.75;
82024;15/04/2015;0000;28.2;;71;;5;2.05776;3.75;
82024;15/04/2015;1200;29.3;;70;;5;2.5722;7.5;
82024;16/04/2015;0000;29.7;;71;;9;1.02888;6.25;
82024;16/04/2015;1200;28;;70;;5;3.08664;7.5;
82024;17/04/2015;0000;26.8;;86;;0;0;10;
82024;17/04/2015;1200;26.4;;83;;5;1.02888;10;
82024;18/04/2015;0000;25.7;;98;;0;0;10;
82024;18/04/2015;1200;24.8;;88;;5;1.02888;10;
82024;19/04/2015;0000;28.5;;74;;0;0;7.5;
82024;19/04/2015;1200;26.5;;82;;5;1.02888;10;
82024;20/04/2015;0000;29;;76;;5;1.02888;5;
82024;20/04/2015;1200;27.4;;71;;5;1.54332;10;
82024;21/04/2015;0000;29.1;;66;;5;1.54332;10;
82024;21/04/2015;1200;26.7;;81;;5;1.02888;8.75;
82024;22/04/2015;0000;29.6;;66;;0;0;10;
82024;22/04/2015;1200;27.9;;71;;5;3.08664;6.25;
82024;23/04/2015;0000;28.5;;69;;5;2.05776;2.5;
82024;23/04/2015;1200;29.3;;67;;5;3.08664;6.25;
82024;24/04/2015;0000;28.8;;63;;0;0;0;
82024;24/04/2015;1200;27;;85;;9;1.02888;8.75;
82024;25/04/2015;0000;28.5;;72;;5;1.02888;5;
82024;25/04/2015;1200;26.1;;90;;0;0;10;
82024;26/04/2015;0000;28.3;;79;;5;2.05776;5;
82024;26/04/2015;1200;28.4;;74;;9;2.05776;6.25;
82024;27/04/2015;0000;28.5;;72;;5;1.02888;5;
82024;27/04/2015;1200;28.5;;69;;5;4.11552;10;
82024;28/04/2015;0000;29.3;;61;;5;2.05776;6.25;
82024;28/04/2015;1200;29.2;;68;;9;1.54332;2.5;
82024;29/04/2015;0000;29.6;;65;;9;1.02888;6.25;
82024;29/04/2015;1200;27.2;;74;;5;2.05776;3.75;
82024;30/04/2015;0000;29.2;;73;;5;1.54332;3.75;
82024;30/04/2015;1200;28.6;;62;;5;2.5722;6.25;
82024;01/05/2015;0000;29;;73;;0;0;10;
82024;01/05/2015;1200;27.9;;66;;5;2.05776;7.5;
82024;02/05/2015;0000;28.9;;71;;0;0;5;
82024;02/05/2015;1200;26.6;;74;;5;2.05776;10;
82024;03/05/2015;0000;28.9;;71;;5;1.02888;2.5;
82024;03/05/2015;1200;28.8;;60;;5;3.08664;2.5;
82024;04/05/2015;1200;27.7;;71;;5;2.05776;10;
82024;05/05/2015;0000;27.7;;74;;5;3.08664;10;
82024;05/05/2015;1200;26.5;;82;;5;1.02888;2.5;
82024;06/05/2015;0000;28;;76;;9;1.02888;3.75;
82024;06/05/2015;1200;25.5;;91;;9;1.02888;10;
82024;07/05/2015;0000;26.3;;89;;0;0;5;
82024;07/05/2015;1200;24.3;;99;;0;0;10;
82024;08/05/2015;0000;23.8;;100;;36;1.02888;0;
82024;08/05/2015;1200;22.8;;99;;5;1.54332;10;
82024;09/05/2015;0000;27.9;;75;;5;1.54332;2.5;
82024;09/05/2015;1200;27.7;;66;;5;1.54332;6.25;
82024;10/05/2015;0000;27.9;;76;;9;1.02888;2.5;
82024;10/05/2015;1200;27.1;;71;;5;2.05776;6.25;
82024;11/05/2015;0000;28.9;;73;;5;1.02888;3.75;
82024;11/05/2015;1200;27.3;;85;;5;3.08664;7.5;
82024;12/05/2015;0000;26.1;;95;;0;0;7.5;
82024;12/05/2015;1200;26.7;;81;;5;2.5722;7.5;
82024;13/05/2015;0000;26;;91;;9;2.05776;10;
82024;13/05/2015;1200;26.7;;85;;9;1.54332;6.25;
82024;14/05/2015;0000;26.5;;86;;5;1.02888;2.5;
82024;14/05/2015;1200;27.9;;76;;5;2.05776;2.5;
82024;14/05/2015;1800;35.4;;63;;9;1.02888;8.75;
82024;15/05/2015;0000;26.8;;88;;0;0;0;
82024;15/05/2015;1200;28.6;;76;;5;3.08664;2.5;
82024;16/05/2015;0000;28.4;;75;;5;1.02888;3.75;
82024;16/05/2015;1200;28.7;;75;;5;2.05776;2.5;
82024;17/05/2015;0000;28.9;;79;;0;0;0;
82024;17/05/2015;1200;24.3;;96;;0;0;7.5;
82024;18/05/2015;0000;26.1;;94;;0;0;5;
82024;18/05/2015;1200;24.3;;99;;5;2.05776;10;
82024;19/05/2015;0000;24.9;;95;;0;0;2.5;
82024;19/05/2015;1200;24.3;;96;;36;2.05776;10;
82024;20/05/2015;0000;23.6;;94;;0;0;2.5;
82024;20/05/2015;1200;23.1;;95;;0;0;10;
82024;21/05/2015;0000;23.8;;100;;0;0;2.5;
82024;21/05/2015;1200;26.3;;88;;0;0;0;
82024;22/05/2015;0000;26.6;;88;;0;0;5;
82024;22/05/2015;1200;24.9;;94;;0;0;10;
82024;23/05/2015;0000;26.5;;93;;0;0;6.25;
82024;23/05/2015;1200;25.5;;95;;0;0;10;
82024;24/05/2015;0000;25;;96;;0;0;6.25;
82024;24/05/2015;1200;25.7;;88;;9;1.54332;6.25;
82024;25/05/2015;0000;26.1;;95;;9;1.54332;7.5;
82024;25/05/2015;1200;25.9;;82;;5;2.05776;10;
82024;26/05/2015;0000;27.9;;79;;0;0;3.75;
82024;26/05/2015;1200;29.1;;65;;9;1.02888;6.25;
82024;27/05/2015;0000;27.9;;84;;5;1.02888;5;
82024;27/05/2015;1200;27.3;;79;;0;0;7.5;
82024;28/05/2015;0000;27.8;;77;;0;0;0;
82024;28/05/2015;1200;25.2;;92;;9;1.02888;10;
82024;29/05/2015;0000;27.9;;83;;0;0;2.5;
82024;29/05/2015;1200;23.9;;99;;0;0;10;
82024;30/05/2015;0000;26;;91;;9;2.05776;10;
82024;30/05/2015;1200;25;;95;;0;0;8.75;
82024;31/05/2015;1200;26.5;;88;;5;1.02888;7.5;
82024;01/06/2015;0000;26.5;;88;;0;0;3.75;
82024;01/06/2015;1200;27.2;;82;;9;1.02888;6.25;
82024;02/06/2015;0000;27.3;;89;;9;1.02888;5;
82024;02/06/2015;1200;27.9;;80;;5;2.05776;6.25;
82024;03/06/2015;0000;28.8;;62;;0;0;3.75;
82024;03/06/2015;1200;28.7;;71;;5;2.05776;5;
82024;04/06/2015;0000;25.9;;91;;14;2.05776;10;
82024;04/06/2015;1200;29.2;;78;;5;2.05776;2.5;
82024;05/06/2015;0000;27.3;;86;;0;0;5;
82024;05/06/2015;1200;31.2;;69;;9;1.02888;2.5;
82024;06/06/2015;0000;26.4;;93;;0;0;2.5;
82024;06/06/2015;1200;26.2;;87;;5;1.02888;7.5;
82024;07/06/2015;0000;28.1;;84;;0;0;2.5;
82024;07/06/2015;1200;26.8;;86;;9;1.02888;7.5;
82024;08/06/2015;0000;28.1;;85;;0;0;0;
82024;08/06/2015;1200;27.7;;73;;0;0;7.5;
82024;09/06/2015;0000;23.6;;97;;0;0;10;
82024;09/06/2015;1200;26.9;;84;;9;1.02888;7.5;
82024;10/06/2015;1200;26.7;;88;;5;1.02888;7.5;
82024;11/06/2015;1200;28.1;;75;;5;2.05776;6.25;
82024;12/06/2015;0000;26.7;;88;;0;0;2.5;
82024;12/06/2015;1200;24.5;;94;;0;0;8.75;
82024;13/06/2015;0000;24.3;;96;;0;0;5;
82024;17/06/2015;1200;25.7;;89;;5;1.02888;7.5;
82024;18/06/2015;0000;26.2;;88;;0;0;2.5;
82024;18/06/2015;1200;29.2;;77;;5;1.02888;0;
82024;19/06/2015;0000;26.1;;94;;0;0;0;
82024;19/06/2015;1200;27.4;;82;;9;1.02888;5;
82024;20/06/2015;0000;28.1;;74;;0;0;0;
82024;20/06/2015;1200;25;;92;;18;1.02888;7.5;
82024;21/06/2015;0000;27.1;;94;;0;0;5;
82024;21/06/2015;1200;25.6;;93;;0;0;10;
82024;22/06/2015;0000;26.1;;89;;18;1.02888;5;
82024;22/06/2015;1200;24.1;;92;;9;1.02888;5;
82024;23/06/2015;0000;26.9;;83;;0;0;0;
82024;23/06/2015;1200;27;;84;;9;1.54332;8.75;
82024;24/06/2015;0000;28.2;;76;;9;1.02888;7.5;
82024;24/06/2015;1200;29.1;;74;;9;1.02888;0;
82024;25/06/2015;0000;26.8;;87;;0;0;0;
82024;25/06/2015;1200;27.2;;96;;0;0;7.5;
82024;26/06/2015;0000;27.2;;82;;0;0;6.25;
82024;26/06/2015;1200;25.3;;92;;36;2.5722;10;
82024;27/06/2015;0000;27.9;;84;;36;1.02888;0;
82024;27/06/2015;1200;25.8;;86;;18;1.02888;2.5;
82024;28/06/2015;0000;25.7;;85;;0;0;0;
82024;28/06/2015;1200;27.1;;79;;5;1.02888;7.5;
82024;29/06/2015;0000;28.1;;82;;9;1.02888;6.25;
82024;29/06/2015;1200;27.1;;73;;5;3.08664;3.75;
82024;30/06/2015;1200;24.8;;93;;5;2.5722;10;
82024;01/07/2015;0000;26.5;;88;;0;0;7.5;
82024;01/07/2015;1200;27;;86;;18;1.02888;7.5;
82024;02/07/2015;0000;27.6;;83;;5;1.02888;3.75;
82024;02/07/2015;1200;27.1;;83;;5;1.02888;6.25;
82024;03/07/2015;0000;26.6;;88;;27;1.54332;2.5;
82024;03/07/2015;1200;24.6;;97;;32;1.02888;10;
82024;04/07/2015;0000;26.3;;81;;0;0;3.75;
82024;04/07/2015;1200;27.5;;81;;9;1.02888;3.75;
82024;05/07/2015;0000;27.7;;81;;0;0;6.25;
82024;05/07/2015;1200;28.3;;78;;5;1.02888;0;
82024;06/07/2015;0000;28.4;;75;;5;1.02888;0;
82024;06/07/2015;1200;29.5;;76;;5;1.02888;2.5;
82024;07/07/2015;0000;28.9;;73;;5;1.02888;0;
82024;07/07/2015;1200;28.9;;80;;9;1.02888;10;
82024;08/07/2015;0000;28.4;;80;;0;0;0;
82024;08/07/2015;1200;28.6;;79;;9;1.54332;2.5;
82024;09/07/2015;1200;24.2;;96;;14;1.02888;6.25;
82024;10/07/2015;0000;27.1;;94;;0;0;0;
82024;10/07/2015;1200;28.8;;76;;9;2.05776;2.5;
82024;11/07/2015;0000;28.9;;75;;32;1.02888;0;
82024;11/07/2015;1200;28.8;;71;;5;1.02888;0;
82024;12/07/2015;0000;29.1;;72;;5;1.02888;5;
82024;12/07/2015;1200;28.9;;72;;9;1.54332;2.5;
82024;13/07/2015;0000;29.4;;75;;0;0;0;
82024;13/07/2015;1200;28;;78;;14;1.02888;7.5;
82024;14/07/2015;0000;25.4;;89;;23;1.02888;10;
82024;14/07/2015;1200;26.2;;89;;0;0;7.5;
82024;15/07/2015;0000;27.8;;85;;0;0;7.5;
82024;15/07/2015;1200;29.3;;77;;9;1.02888;7.5;
82024;16/07/2015;0000;25.9;;91;;0;0;5;
82024;16/07/2015;1200;25.9;;93;;0;0;8.75;
82024;17/07/2015;0000;25.8;;90;;0;0;10;
82024;17/07/2015;1200;24.9;;98;;18;1.02888;10;
82024;18/07/2015;0000;24.2;;92;;36;1.02888;0;
82024;18/07/2015;1200;24;;93;;0;0;5;
82024;19/07/2015;0000;29.1;;78;;0;0;5;
82024;19/07/2015;1200;25.7;;92;;9;1.02888;10;
82024;20/07/2015;0000;26.4;;84;;0;0;7.5;
82024;20/07/2015;1200;25.5;;89;;0;0;10;
82024;21/07/2015;0000;26.1;;93;;0;0;6.25;
82024;21/07/2015;1200;22.9;;98;;0;0;10;
82024;22/07/2015;0000;26.1;;84;;9;1.02888;10;
82024;22/07/2015;1200;23.5;;95;;0;0;10;
82024;23/07/2015;0000;28.2;;85;;0;0;0;
82024;23/07/2015;1200;24.2;;94;;5;1.02888;6.25;
82024;24/07/2015;0000;25.9;;86;;0;0;2.5;
82024;24/07/2015;1200;27.5;;82;;9;1.02888;2.5;
82024;25/07/2015;0000;26.4;;83;;23;1.02888;0;
82024;25/07/2015;1200;23.4;;90;;0;0;10;
82024;26/07/2015;0000;25.7;;88;;0;0;3.75;
82024;26/07/2015;1200;25.5;;89;;9;1.02888;7.5;
82024;27/07/2015;0000;25.1;;91;;0;0;3.75;
82024;27/07/2015;1200;28.4;;76;;5;1.02888;2.5;
82024;28/07/2015;0000;28.1;;84;;0;0;10;
82024;28/07/2015;1200;28.8;;75;;9;2.5722;2.5;
82024;29/07/2015;0000;24.6;;87;;0;0;3.75;
82024;29/07/2015;1200;27.3;;85;;5;1.02888;3.75;
82024;30/07/2015;0000;26.9;;91;;0;0;7.5;
82024;30/07/2015;1200;25.3;;92;;5;1.02888;5;
82024;31/07/2015;0000;24.5;;96;;0;0;7.5;
82024;31/07/2015;1200;26.1;;89;;36;1.02888;7.5;
82024;01/08/2015;0000;24.1;;98;;0;0;7.5;
82024;01/08/2015;1200;24.2;;90;;9;1.54332;10;
82024;02/08/2015;0000;26.9;;88;;0;0;3.75;
82024;02/08/2015;1200;27.6;;84;;0;0;3.75;
82024;03/08/2015;0000;28.5;;75;;0;0;3.75;
82024;03/08/2015;1200;27.9;;81;;9;1.02888;3.75;
82024;04/08/2015;0000;28.6;;85;;0;0;0;
82024;04/08/2015;1200;29.6;;81;;9;1.02888;3.75;
82024;05/08/2015;0000;28.9;;74;;9;1.02888;2.5;
82024;05/08/2015;1200;28.1;;79;;9;2.05776;3.75;
82024;06/08/2015;0000;26.3;;95;;14;1.54332;10;
82024;06/08/2015;1200;24.6;;94;;0;0;10;
82024;07/08/2015;1200;28.9;;75;;0;;2.5;
82024;08/08/2015;1200;29.3;;79;;9;1.02888;2.5;
82024;09/08/2015;0000;29.9;;76;;0;0;0;
82024;09/08/2015;1200;27.3;;81;;9;1.02888;2.5;
82024;10/08/2015;0000;27.8;;80;;5;2.5722;6.25;
82024;10/08/2015;1200;28.2;;78;;9;2.05776;5;
82024;11/08/2015;0000;28.6;;82;;0;0;0;
82024;11/08/2015;1200;29.3;;69;;5;2.05776;2.5;
82024;12/08/2015;0000;29.4;;73;;0;0;0;
82024;12/08/2015;1200;28.3;;80;;9;1.02888;10;
82024;13/08/2015;0000;27.6;;84;;14;1.54332;7.5;
82024;13/08/2015;1200;24;;98;;9;1.02888;10;
82024;14/08/2015;0000;27.3;;88;;5;2.05776;10;
82024;14/08/2015;1200;26.3;;91;;27;1.02888;10;
82024;15/08/2015;0000;25.5;;91;;0;0;7.5;
82024;15/08/2015;1200;25.7;;95;;0;0;8.75;
82024;16/08/2015;0000;26.2;;80;;18;1.54332;5;
82024;16/08/2015;1200;28.7;;74;;5;2.05776;3.75;
82024;17/08/2015;0000;28.3;;87;;0;0;0;
82024;17/08/2015;1200;29;;87;;5;1.54332;2.5;
82024;18/08/2015;0000;27.7;;85;;14;1.02888;7.5;
82024;18/08/2015;1200;28.2;;77;;5;2.05776;6.25;
82024;19/08/2015;0000;26.7;;88;;14;2.05776;10;
82024;19/08/2015;1200;24.3;;99;;32;2.05776;10;
82024;20/08/2015;0000;24.5;;96;;14;1.02888;10;
82024;20/08/2015;1200;24.1;;95;;5;1.02888;10;
82024;21/08/2015;0000;26.4;;90;;36;1.02888;6.25;
82024;21/08/2015;1200;24.8;;96;;0;0;10;
82024;22/08/2015;0000;26.7;;85;;0;0;3.75;
82024;22/08/2015;1200;26.1;;91;;36;1.02888;7.5;
82024;23/08/2015;0000;27.4;;90;;0;0;7.5;
82024;23/08/2015;1200;26.5;;91;;27;1.02888;5;
82024;24/08/2015;0000;27;;89;;0;0;0;
82024;24/08/2015;1200;29.2;;69;;0;0;5;
82024;25/08/2015;0000;30.2;;76;;0;0;3.75;
82024;25/08/2015;1200;26.5;;88;;0;0;7.5;
82024;26/08/2015;0000;25.8;;92;;0;0;6.25;
82024;26/08/2015;1200;27;;83;;32;1.02888;3.75;
82024;27/08/2015;1200;28.4;;88;;5;1.54332;6.25;
82024;28/08/2015;0000;27.2;;77;;5;1.02888;0;
82024;28/08/2015;1200;29.5;;70;;5;1.54332;10;
82024;29/08/2015;0000;29.1;;71;;0;0;0;
82024;29/08/2015;1200;27.6;;86;;9;1.02888;7.5;
82024;30/08/2015;0000;26.7;;86;;0;0;2.5;
82024;30/08/2015;1200;27.9;;71;;14;1.02888;5;
82024;31/08/2015;0000;28.6;;87;;0;0;5;
82024;31/08/2015;1200;29.3;;78;;0;0;6.25;
82024;01/09/2015;0000;27.3;;89;;0;0;2.5;
82024;01/09/2015;1200;28.4;;76;;5;1.54332;0;
82024;02/09/2015;0000;28.4;;69;;0;0;0;
82024;02/09/2015;1200;28.7;;73;;23;2.05776;2.5;
82024;03/09/2015;0000;28.3;;81;;0;0;2.5;
82024;03/09/2015;1200;28.5;;76;;36;2.05776;7.5;
82024;04/09/2015;0000;28.7;;77;;0;0;0;
82024;04/09/2015;1200;29.4;;73;;5;1.54332;2.5;
82024;05/09/2015;0000;29.1;;82;;0;0;0;
82024;05/09/2015;1200;30;;73;;9;2.05776;3.75;
82024;06/09/2015;0000;29.7;;77;;27;1.02888;2.5;
82024;06/09/2015;1200;28.7;;78;;9;1.54332;2.5;
82024;07/09/2015;0000;28.9;;70;;9;1.02888;0;
82024;07/09/2015;1200;30;;70;;5;2.5722;5;
82024;08/09/2015;0000;30;;76;;0;0;2.5;
82024;09/09/2015;0000;28.8;;75;;0;0;0;
82024;09/09/2015;1200;29.6;;68;;5;2.05776;0;
82024;10/09/2015;0000;29.8;;67;;5;1.02888;0;
82024;10/09/2015;1200;28.1;;77;;5;1.02888;2.5;
82024;11/09/2015;0000;29.9;;83;;5;1.02888;0;
82024;11/09/2015;1200;28.7;;67;;5;1.02888;0;
82024;12/09/2015;0000;30.1;;65;;0;0;0;
82024;12/09/2015;1200;30.4;;64;;5;1.02888;2.5;
82024;13/09/2015;0000;31;;68;;0;0;2.5;
82024;13/09/2015;1200;30.5;;67;;5;1.54332;0;
82024;14/09/2015;0000;31.3;;69;;0;0;0;
82024;14/09/2015;1200;28.2;;73;;5;1.02888;0;
82024;15/09/2015;0000;28.4;;72;;5;1.02888;5;
82024;15/09/2015;1200;26.8;;90;;0;0;7.5;
82024;16/09/2015;0000;28.1;;79;;18;1.02888;5;
82024;16/09/2015;1200;27.6;;79;;0;0;10;
82024;17/09/2015;0000;27.7;;83;;0;0;5;
82024;17/09/2015;1200;28.4;;75;;5;1.02888;7.5;
82024;18/09/2015;0000;28.3;;92;;18;2.5722;7.5;
82024;18/09/2015;1200;27.9;;88;;0;0;5;
82024;19/09/2015;0000;28.5;;75;;0;0;0;
82024;19/09/2015;1200;30.6;;66;;5;2.05776;0;
82024;20/09/2015;0000;29.9;;67;;5;1.02888;2.5;
82024;20/09/2015;1200;30.2;;68;;5;1.54332;5;
82024;21/09/2015;0000;29.9;;64;;0;0;0;
82024;21/09/2015;1200;29.6;;68;;9;1.02888;7.5;
82024;22/09/2015;0000;29.9;;64;;9;1.02888;0;
82024;22/09/2015;1200;29.5;;73;;5;1.02888;2.5;
82024;23/09/2015;0000;30.7;;65;;0;0;0;
82024;23/09/2015;1200;30.7;;61;;5;2.05776;3.75;
82024;24/09/2015;0000;30.1;;72;;9;1.54332;0;
82024;24/09/2015;1200;30.5;;65;;5;;5;
82024;25/09/2015;0000;31;;71;;0;0;0;
82024;25/09/2015;1200;30.1;;65;;5;2.05776;0;
82024;26/09/2015;0000;30;;69;;5;1.54332;0;
82024;26/09/2015;1200;30.5;;64;;5;2.5722;2.5;
82024;27/09/2015;0000;30.1;;63;;5;1.02888;0;
82024;27/09/2015;1200;28.7;;70;;5;2.5722;7.5;
82024;28/09/2015;0000;29.1;;73;;0;0;0;
82024;28/09/2015;1200;30;;70;;5;2.5722;0;
82024;29/09/2015;0000;29.9;;54;;5;1.02888;3.75;
82024;29/09/2015;1200;29.9;;67;;5;2.05776;7.5;
82024;30/09/2015;0000;29.7;;68;;36;1.02888;7.5;
82024;30/09/2015;1200;29.6;;70;;5;2.05776;3.75;
82024;01/10/2015;0000;29.9;;70;;0;0;6.25;
82024;01/10/2015;1200;30.1;;69;;5;2.05776;3.75;
82024;02/10/2015;0000;30.4;;66;;0;0;5;
82024;02/10/2015;1200;29.6;;73;;9;1.02888;7.5;
82024;03/10/2015;0000;30.3;;66;;0;0;6.25;
82024;03/10/2015;1200;31.3;;59;;5;1.02888;3.75;
82024;04/10/2015;0000;30.6;;61;;5;1.54332;0;
82024;04/10/2015;1200;30.4;;60;;9;1.02888;6.25;
82024;05/10/2015;0000;30.9;;67;;9;1.02888;2.5;
82024;05/10/2015;1200;30.6;;64;;9;1.02888;0;
82024;06/10/2015;0000;31.2;;71;;0;0;0;
82024;06/10/2015;1200;29.7;;65;;5;2.05776;7.5;
82024;07/10/2015;0000;30;;69;;5;1.54332;0;
82024;07/10/2015;1200;29.9;;68;;5;3.08664;3.75;
82024;08/10/2015;0000;29.7;;60;;5;1.02888;3.75;
82024;08/10/2015;1200;30.3;;64;;5;2.05776;6.25;
82024;09/10/2015;0000;28.6;;76;;5;1.02888;3.75;
82024;09/10/2015;1200;30.1;;63;;5;3.08664;3.75;
82024;10/10/2015;0000;29.9;;75;;5;1.02888;5;
82024;10/10/2015;1200;29.8;;70;;5;3.08664;2.5;
82024;11/10/2015;0000;30.8;;75;;5;1.02888;2.5;
82024;11/10/2015;1200;29.8;;72;;5;3.08664;2.5;
82024;12/10/2015;0000;30.1;;73;;0;0;0;
82024;12/10/2015;1200;30.1;;69;;5;3.08664;3.75;
82024;13/10/2015;0000;30.3;;66;;5;1.02888;2.5;
82024;13/10/2015;1200;29.1;;73;;5;1.54332;3.75;
82024;14/10/2015;0000;29.5;;70;;5;1.54332;0;
82024;14/10/2015;1200;30.2;;65;;5;1.54332;2.5;
82024;15/10/2015;0000;30.5;;58;;5;1.02888;0;
82024;15/10/2015;1200;29.6;;62;;5;2.5722;0;
82024;16/10/2015;0000;29.9;;61;;9;1.02888;0;
82024;17/10/2015;0000;31;;61;;14;1.02888;2.5;
82024;17/10/2015;1200;30;;64;;5;3.08664;10;
82024;18/10/2015;0000;29.6;;69;;5;1.02888;3.75;
82024;18/10/2015;1200;28.1;;73;;5;1.02888;10;
82024;19/10/2015;0000;30.4;;61;;36;1.02888;10;
82024;19/10/2015;1200;30.8;;66;;5;2.05776;5;
82024;20/10/2015;0000;31.2;;64;;0;0;0;
82024;20/10/2015;1200;31.8;;61;;9;1.54332;3.75;
82024;21/10/2015;0000;29.1;;71;;0;0;2.5;
82024;21/10/2015;1200;29.4;;75;;9;1.02888;3.75;
82024;22/10/2015;0000;30;;81;;0;0;0;
82024;22/10/2015;1200;31.2;;61;;5;1.54332;7.5;
82024;23/10/2015;0000;31.7;;62;;9;1.54332;2.5;
82024;23/10/2015;1200;31.4;;60;;9;2.05776;2.5;
82024;24/10/2015;0000;32;;63;;0;0;3.75;
82024;24/10/2015;1200;28.1;;78;;6;1.02888;10;
82024;25/10/2015;0000;25;;92;;23;1.02888;10;
82024;25/10/2015;1200;25.9;;89;;23;1.02888;2.5;
82024;26/10/2015;0000;27.6;;81;;0;0;2.5;
82024;26/10/2015;1200;29.9;;66;;5;3.08664;2.5;
82024;27/10/2015;0000;29.5;;75;;0;0;0;
82024;27/10/2015;1200;29.9;;70;;5;1.54332;0;
82024;28/10/2015;0000;30.2;;67;;0;0;0;
82024;28/10/2015;1200;30.8;;66;;5;2.05776;3.75;
82024;29/10/2015;0000;27.7;;74;;0;0;5;
82024;29/10/2015;1200;30.3;;67;;9;1.02888;7.5;
82024;30/10/2015;0000;28.5;;76;;0;0;8.75;
82024;30/10/2015;1200;31.2;;65;;5;1.02888;3.75;
82024;31/10/2015;0000;30.8;;66;;27;1.54332;6.25;
82024;31/10/2015;1200;30.4;;65;;9;2.05776;2.5;
82024;01/11/2015;0000;30.6;;66;;9;1.02888;3.75;
82024;01/11/2015;1200;28.9;;70;;5;1.02888;6.25;
82024;02/11/2015;0000;30.4;;76;;0;0;3.75;
82024;02/11/2015;1200;29.6;;66;;5;10.2888;7.5;
82024;03/11/2015;0000;28.6;;72;;32;1.02888;0;
82024;03/11/2015;1200;28.7;;71;;5;3.08664;10;
82024;04/11/2015;0000;28.9;;79;;0;0;0;
82024;04/11/2015;1200;28.9;;74;;9;2.05776;10;
82024;05/11/2015;0000;29.9;;80;;14;1.02888;7.5;
82024;05/11/2015;1200;29.4;;68;;5;1.02888;2.5;
82024;06/11/2015;0000;29.1;;73;;0;0;6.25;
82024;06/11/2015;1200;29.6;;66;;5;2.05776;7.5;
82024;07/11/2015;0000;27.7;;77;;0;0;10;
82024;07/11/2015;1200;27.9;;84;;0;0;2.5;
82024;08/11/2015;0000;29.1;;80;;5;1.02888;0;
82024;08/11/2015;1200;30.4;;63;;5;3.08664;0;
82024;09/11/2015;0000;29.9;;69;;0;0;0;
82024;09/11/2015;1200;30.4;;62;;5;3.08664;2.5;
82024;10/11/2015;0000;31.2;;64;;5;1.02888;7.5;
82024;10/11/2015;1200;29.9;;63;;5;3.08664;7.5;
82024;11/11/2015;0000;29.3;;70;;9;1.02888;0;
82024;11/11/2015;1200;30;;68;;5;1.54332;5;
82024;12/11/2015;0000;27.6;;86;;0;0;0;
82024;12/11/2015;1200;28.1;;75;;5;2.05776;3.75;
82024;13/11/2015;0000;28.6;;88;;0;0;0;
82024;13/11/2015;1200;29.5;;66;;5;2.05776;2.5;
82024;14/11/2015;0000;29.9;;77;;0;0;0;
82024;14/11/2015;1200;29.6;;67;;5;3.08664;3.75;
82024;15/11/2015;0000;29.4;;75;;5;1.02888;3.75;
82024;15/11/2015;1200;29.9;;66;;5;3.08664;2.5;
82024;16/11/2015;0000;29.1;;69;;5;1.02888;0;
82024;16/11/2015;1200;29.4;;63;;5;3.08664;2.5;
82024;17/11/2015;0000;29.2;;69;;5;1.54332;3.75;
82024;17/11/2015;1200;29.3;;66;;9;3.08664;5;
82024;18/11/2015;0000;29.9;;66;;5;1.54332;3.75;
82024;18/11/2015;1200;30;;66;;5;3.08664;3.75;
82024;19/11/2015;0000;28.8;;82;;0;0;7.5;
82024;19/11/2015;1200;29.9;;73;;5;2.05776;6.25;
82024;20/11/2015;0000;30.4;;68;;27;1.02888;2.5;
82024;20/11/2015;1200;28.8;;71;;5;1.02888;5;
82024;21/11/2015;0000;30.3;;81;;5;1.02888;5;
82024;21/11/2015;1200;28.3;;85;;5;1.02888;6.25;
82024;22/11/2015;0000;30.4;;69;;0;0;2.5;
82024;22/11/2015;1200;29;;71;;5;6.68772;2.5;
82024;23/11/2015;0000;29.9;;60;;5;1.54332;0;
82024;23/11/2015;1200;29;;69;;9;2.5722;2.5;
82024;24/11/2015;0000;31.7;;59;;5;3.60108;7.5;
82024;24/11/2015;1200;30.1;;72;;5;3.08664;2.5;
82024;25/11/2015;0000;29.9;;73;;0;0;5;
82024;25/11/2015;1200;30;;66;;5;2.05776;5;
82024;26/11/2015;0000;30.4;;72;;18;1.02888;2.5;
82024;26/11/2015;1200;29.1;;68;;5;2.5722;3.75;
82024;27/11/2015;0000;28.9;;76;;0;0;7.5;
82024;27/11/2015;1200;30;;69;;5;2.5722;7.5;
82024;28/11/2015;0000;30.8;;64;;5;2.05776;3.75;
82024;28/11/2015;1200;29.9;;65;;5;2.5722;2.5;
82024;29/11/2015;0000;29.6;;65;;5;1.02888;0;
82024;29/11/2015;1200;29.5;;69;;5;4.11552;0;
82024;30/11/2015;0000;30.4;;53;;5;2.05776;2.5;
82024;30/11/2015;1200;30;;62;;5;6.17328;2.5;
82024;01/12/2015;0000;30.1;;56;;5;4.11552;0;
82024;01/12/2015;1200;30.6;;62;;5;5.1444;2.5;
82024;02/12/2015;0000;31;;61;;5;2.05776;0;
82024;02/12/2015;1200;26;;86;;5;1.02888;10;
82024;03/12/2015;0000;26.9;;85;;5;0.51444;3.75;
82024;03/12/2015;1200;28.3;;74;;5;3.08664;10;
82024;04/12/2015;0000;28.7;;71;;5;2.05776;2.5;
82024;04/12/2015;1200;29;;70;;5;6.68772;3.75;
82024;05/12/2015;0000;27.6;;79;;5;3.60108;0;
82024;05/12/2015;1200;27.3;;76;;5;4.62996;5;
82024;06/12/2015;0000;27.8;;66;;5;4.62996;0;
82024;06/12/2015;1200;27.8;;64;;5;;0;
82024;07/12/2015;1200;28.8;;66;;5;5.65884;0;
82024;08/12/2015;0000;29.3;;72;;9;1.54332;5;
82024;08/12/2015;1200;28.7;;69;;5;6.17328;5;
82024;09/12/2015;0000;29.1;;65;;5;1.02888;0;
82024;09/12/2015;1200;26.7;;76;;9;2.5722;2.5;
82024;10/12/2015;0000;28.3;;71;;9;2.05776;0;
82024;10/12/2015;1200;28.3;;66;;5;5.1444;2.5;
82024;11/12/2015;0000;28.5;;73;;5;2.05776;0;
82024;11/12/2015;1200;27.7;;65;;5;3.60108;7.5;
82024;12/12/2015;0000;27.1;;75;;23;1.02888;10;
82024;12/12/2015;1200;28.9;;63;;9;6.68772;7.5;
82024;13/12/2015;0000;28.9;;70;;9;2.5722;0;
82024;13/12/2015;1200;29.7;;68;;5;5.1444;3.75;
82024;14/12/2015;0000;30.1;;75;;5;3.08664;2.5;
82024;14/12/2015;1200;29.2;;71;;9;2.05776;0;
82024;15/12/2015;0000;29.5;;66;;9;2.5722;0;
82024;15/12/2015;1200;29.2;;66;;9;7.20216;7.5;
82024;16/12/2015;0000;29.5;;67;;5;2.5722;0;
82024;16/12/2015;1200;28.9;;65;;5;6.17328;5;
82024;17/12/2015;0000;29.3;;68;;5;2.05776;0;
82024;17/12/2015;1200;28.5;;71;;5;8.74548;2.5;
82024;18/12/2015;0000;22.7;;98;;5;1.54332;0;
82024;18/12/2015;1200;27.9;;75;;5;8.74548;0;
82024;19/12/2015;0000;28.1;;67;;5;2.05776;0;
82024;19/12/2015;1200;27.9;;71;;5;4.62996;0;
82024;20/12/2015;0000;28.7;;75;;5;1.54332;3.75;
82024;20/12/2015;1200;27;;76;;36;4.11552;3.75;
82024;21/12/2015;0000;29.3;;72;;5;2.05776;7.5;
82024;21/12/2015;1200;26.7;;74;;5;5.1444;10;
82024;22/12/2015;0000;27.5;;72;;5;2.5722;0;
82024;22/12/2015;1200;26.6;;71;;5;6.68772;0;
82024;23/12/2015;0000;26.9;;73;;5;1.02888;0;
82024;23/12/2015;1200;28.7;;69;;5;5.65884;2.5;
82024;24/12/2015;0000;28.9;;67;;5;1.54332;0;
82024;24/12/2015;1200;28.2;;73;;9;5.1444;0;
82024;25/12/2015;0000;27.5;;77;;5;3.60108;7.5;
82024;25/12/2015;1200;27.4;;75;;5;7.20216;2.5;
82024;26/12/2015;0000;27.3;;85;;0;0;0;
82024;26/12/2015;1200;28;;71;;9;5.1444;2.5;
82024;27/12/2015;0000;28.1;;75;;5;2.5722;0;
82024;27/12/2015;1200;26;;76;;5;4.62996;7.5;
82024;28/12/2015;0000;27.7;;68;;5;4.62996;6.25;
82024;28/12/2015;1200;28.5;;69;;5;5.65884;5;
82024;29/12/2015;0000;29.1;;66;;5;1.02888;0;
82024;29/12/2015;1200;26.6;;75;;5;5.1444;10;
82024;30/12/2015;0000;25.9;;90;;5;0.51444;2.5;
82024;30/12/2015;1200;26.8;;76;;9;6.17328;2.5;
82024;31/12/2015;0000;28;;71;;5;1.02888;0;
82024;31/12/2015;1200;26.6;;75;;5;5.1444;10;
82024;01/01/2016;0000;27.9;;72;;5;5.1444;0;
82024;01/01/2016;1200;26.9;;73;;5;2.5722;7.5;
82024;02/01/2016;0000;28.7;;68;;5;2.05776;0;
82024;02/01/2016;1200;26.9;;76;;5;5.1444;6.25;
82024;03/01/2016;0000;27.8;;63;;9;3.08664;0;
82024;03/01/2016;1200;27.8;;72;;9;3.08664;5;
82024;04/01/2016;0000;27.6;;77;;9;2.05776;0;
82024;04/01/2016;1200;27.8;;72;;9;7.7166;3.75;
82024;05/01/2016;0000;28.7;;72;;5;2.5722;0;
82024;05/01/2016;1200;27.7;;71;;5;6.17328;3.75;
82024;06/01/2016;0000;28.1;;68;;9;1.02888;7.5;
82024;06/01/2016;1200;27.5;;70;;5;6.68772;0;
82024;07/01/2016;0000;27.8;;76;;0;0;0;
82024;07/01/2016;1200;27.9;;71;;5;4.62996;0;
82024;08/01/2016;0000;29.1;;76;;9;2.5722;0;
82024;08/01/2016;1200;27.5;;79;;5;7.7166;2.5;
82024;09/01/2016;0000;28.1;;76;;0;0;0;
82024;09/01/2016;1200;28.2;;71;;5;2.5722;0;
82024;10/01/2016;0000;30.5;;54;;5;2.05776;2.5;
82024;10/01/2016;1200;27.7;;65;;5;4.11552;0;
82024;11/01/2016;0000;30.6;;66;;5;3.08664;0;
82024;11/01/2016;1200;28.4;;66;;5;5.1444;0;
82024;12/01/2016;0000;30;;63;;5;2.5722;0;
82024;12/01/2016;1200;28.1;;61;;5;0.51444;3.75;
82024;13/01/2016;0000;30.4;;56;;5;3.08664;0;
82024;13/01/2016;1200;28.6;;64;;5;2.5722;2.5;
82024;14/01/2016;0000;30.4;;58;;5;3.08664;0;
82024;14/01/2016;1200;29.3;;60;;5;4.62996;2.5;
82024;15/01/2016;1200;28.9;;58;;5;4.62996;2.5;
82024;16/01/2016;0000;30.1;;57;;5;5.1444;0;
82024;16/01/2016;1200;28.7;;68;;5;7.20216;0;
82024;17/01/2016;0000;31.2;;58;;5;2.05776;0;
82024;17/01/2016;1200;27.5;;72;;5;5.65884;2.5;
82024;19/01/2016;0000;31.8;;57;;5;3.60108;0;
82024;19/01/2016;1200;28.1;;65;;5;6.17328;3.75;
82024;20/01/2016;0000;22.9;;87;;5;4.62996;0;
82024;20/01/2016;1200;26.1;;63;;5;3.08664;10;
82024;21/01/2016;0000;30;;58;;5;2.05776;6.25;
82024;21/01/2016;1200;28.2;;58;;5;9.25992;0;
82024;22/01/2016;0000;30.5;;56;;5;5.65884;0;
82024;22/01/2016;1200;27.1;;68;;5;9.25992;6.25;
82024;23/01/2016;0000;30.1;;63;;5;3.60108;2.5;
82024;23/01/2016;1200;27.1;;61;;5;7.7166;0;
82024;24/01/2016;0000;30.4;;54;;5;3.60108;0;
82024;24/01/2016;1200;26.8;;62;;5;5.65884;0;
82024;25/01/2016;0000;31.7;;51;;5;2.5722;2.5;
82024;25/01/2016;1200;29.2;;68;;5;9.77436;0;
82024;26/01/2016;0000;31.3;;59;;0;0;2.5;
82024;26/01/2016;1200;27.5;;66;;5;6.68772;5;
82024;27/01/2016;0000;29.8;;56;;9;1.54332;0;
82024;27/01/2016;1200;27.3;;68;;5;6.17328;5;
82024;28/01/2016;0000;29.7;;60;;5;3.08664;2.5;
82024;28/01/2016;1200;26.4;;72;;5;9.25992;0;
82024;29/01/2016;0000;30.4;;57;;5;3.08664;2.5;
82024;29/01/2016;1200;26.5;;71;;5;8.74548;10;
82024;30/01/2016;0000;31.1;;47;;5;4.11552;0;
82024;30/01/2016;1200;27.3;;69;;5;3.08664;0;
82024;31/01/2016;0000;31.6;;50;;5;3.08664;0;
82024;31/01/2016;1200;27.1;;64;;5;7.20216;10;
82024;01/02/2016;0000;30;;59;;5;1.02888;0;
82024;01/02/2016;1200;28.1;;67;;5;2.05776;2.5;
82024;02/02/2016;0000;30.4;;61;;5;2.5722;3.75;
82024;02/02/2016;1200;28.3;;67;;5;5.1444;3.75;
82024;03/02/2016;0000;30;;66;;9;3.60108;6.25;
82024;03/02/2016;1200;27.2;;74;;5;5.1444;10;
82024;04/02/2016;0000;29.2;;71;;9;1.02888;0;
82024;04/02/2016;1200;28.4;;68;;5;5.65884;3.75;
82024;05/02/2016;0000;30.2;;67;;0;0;0;
82024;05/02/2016;1200;27.1;;78;;5;6.68772;10;
82024;06/02/2016;0000;28.7;;75;;0;0;0;
82024;06/02/2016;1200;27.1;;75;;5;6.68772;7.5;
82024;07/02/2016;0000;30;;60;;5;2.05776;0;
82024;07/02/2016;1200;27.2;;70;;5;2.05776;7.5;
82024;08/02/2016;0000;29.5;;67;;5;1.02888;3.75;
82024;08/02/2016;1200;24.8;;90;;5;1.02888;10;
82024;09/02/2016;0000;29.4;;64;;5;2.05776;5;
82024;09/02/2016;1200;27.3;;80;;5;2.5722;10;
82024;10/02/2016;0000;29.8;;72;;9;5.65884;10;
82024;10/02/2016;1200;25.1;;94;;5;2.05776;10;
82024;11/02/2016;0000;28.1;;80;;5;1.02888;5;
82024;11/02/2016;1200;26.4;;83;;5;2.5722;10;
82024;12/02/2016;0000;28;;77;;5;2.5722;6.25;
82024;12/02/2016;1200;25.9;;86;;9;1.02888;10;
82024;13/02/2016;0000;29.1;;66;;5;2.05776;2.5;
82024;13/02/2016;1200;26.4;;69;;5;4.62996;6.25;
82024;14/02/2016;0000;28.8;;65;;5;3.08664;0;
82024;14/02/2016;1200;26.7;;70;;5;5.1444;0;
82024;15/02/2016;0000;29.9;;58;;5;3.08664;0;
82024;15/02/2016;1200;27.8;;70;;5;3.60108;2.5;
82024;16/02/2016;0000;23.7;;87;;5;2.05776;0;
82024;16/02/2016;1200;28.2;;73;;5;2.5722;2.5;
82024;17/02/2016;0000;30;;64;;5;1.54332;0;
82024;17/02/2016;1200;28.7;;63;;5;5.1444;5;
82024;18/02/2016;0000;30.2;;52;;5;2.5722;0;
82024;18/02/2016;1200;27.9;;68;;5;5.1444;0;
82024;19/02/2016;0000;30.2;;62;;5;5.1444;0;
82024;19/02/2016;1200;27.9;;71;;5;1.02888;7.5;
82024;20/02/2016;0000;29.1;;72;;0;0;3.75;
82024;20/02/2016;1200;27.7;;71;;9;3.08664;7.5;
82024;21/02/2016;0000;30.2;;62;;5;3.60108;2.5;
82024;21/02/2016;1200;26.8;;75;;5;1.02888;6.25;
82024;22/02/2016;0000;27.5;;80;;5;1.02888;5;
82024;22/02/2016;1200;27.6;;75;;5;5.1444;6.25;
82024;23/02/2016;0000;29.7;;69;;5;4.11552;2.5;
82024;23/02/2016;1200;27.1;;78;;5;2.5722;10;
82024;24/02/2016;0000;27.9;;88;;0;0;6.25;
82024;24/02/2016;1200;26.3;;82;;5;1.54332;10;
82024;25/02/2016;0000;26.3;;88;;36;9.25992;10;
82024;25/02/2016;1200;27.8;;73;;5;2.5722;2.5;
82024;26/02/2016;0000;29.9;;67;;5;1.02888;0;
82024;26/02/2016;1200;27.2;;74;;5;3.08664;8.75;
82024;27/02/2016;0000;30.6;;61;;5;2.5722;0;
82024;27/02/2016;1200;26.9;;73;;5;0.51444;3.75;
82024;28/02/2016;0000;30.3;;68;;5;1.02888;0;
82024;28/02/2016;1200;27.8;;76;;5;2.05776;7.5;
82024;29/02/2016;0000;31.4;;68;;5;0.51444;5;
82024;29/02/2016;1200;29.3;;72;;5;4.62996;2.5;
82024;01/03/2016;0000;30.3;;68;;5;1.02888;0;
82024;01/03/2016;1200;28.1;;71;;5;3.08664;2.5;
82024;02/03/2016;0000;31.4;;59;;5;1.02888;0;
82024;02/03/2016;1200;28.3;;77;;9;5.1444;3.75;
82024;03/03/2016;0000;30.5;;63;;5;1.02888;0;
82024;03/03/2016;1200;27.7;;70;;5;3.08664;2.5;
82024;04/03/2016;0000;31;;61;;9;2.5722;2.5;
82024;04/03/2016;1200;27.1;;74;;5;2.5722;6.25;
82024;05/03/2016;0000;32.1;;58;;5;2.5722;0;
82024;05/03/2016;1200;29.7;;66;;5;5.1444;0;
82024;06/03/2016;0000;31.6;;63;;5;2.5722;0;
82024;06/03/2016;1200;29.3;;62;;5;6.68772;0;
82024;07/03/2016;0000;29.3;;59;;9;1.02888;0;
82024;07/03/2016;1200;28.5;;69;;5;7.7166;5;
82024;08/03/2016;0000;31.3;;61;;5;2.5722;0;
82024;08/03/2016;1200;29.3;;57;;5;4.62996;2.5;
82024;09/03/2016;0000;32.2;;54;;5;2.5722;0;
82024;09/03/2016;1200;27.7;;68;;9;2.5722;10;
82024;10/03/2016;0000;31.5;;61;;9;1.02888;2.5;
82024;10/03/2016;1200;28.3;;62;;5;6.17328;5;
82024;11/03/2016;0000;31.2;;61;;5;1.54332;0;
82024;11/03/2016;1200;30;;61;;5;4.11552;2.5;
82024;12/03/2016;0000;33.5;;53;;0;0;2.5;
82024;13/03/2016;1200;26.6;;88;;9;1.02888;10;
82024;14/03/2016;1200;26.2;;81;;5;2.5722;10;
82024;15/03/2016;0000;30.1;;65;;5;2.05776;5;
82024;15/03/2016;1200;27.5;;78;;5;1.54332;7.5;
82024;16/03/2016;0000;28.9;;74;;0;0;3.75;
82024;16/03/2016;1200;28.8;;72;;9;4.11552;7.5;
82024;17/03/2016;0000;32.6;;55;;9;2.05776;0;
82024;17/03/2016;1200;29.2;;69;;5;4.11552;3.75;
82024;18/03/2016;0000;31.7;;61;;9;1.54332;0;
82024;18/03/2016;1200;27.1;;69;;5;3.60108;5;
82024;19/03/2016;0000;31.6;;63;;0;0;3.75;
82024;19/03/2016;1200;29.2;;61;;5;5.1444;7.5;
82024;20/03/2016;0000;31;;65;;5;2.5722;0;
82024;20/03/2016;1200;28.3;;67;;5;3.60108;7.5;
82024;21/03/2016;0000;31.3;;61;;5;2.5722;3.75;
82024;21/03/2016;1200;29.3;;64;;5;5.1444;6.25;
82024;22/03/2016;0000;31.4;;62;;5;2.5722;0;
82024;22/03/2016;1200;29.1;;66;;5;8.74548;2.5;
82024;23/03/2016;0000;31.4;;59;;5;1.02888;0;
82024;23/03/2016;1200;28.8;;69;;5;4.11552;2.5;
82024;24/03/2016;0000;31.5;;57;;5;2.05776;0;
82024;24/03/2016;1200;28.7;;69;;5;6.17328;3.75;
82024;25/03/2016;0000;31.7;;61;;9;;3.75;
82024;25/03/2016;1200;27.8;;69;;5;4.62996;2.5;
82024;26/03/2016;0000;31.3;;54;;5;1.02888;0;
82024;26/03/2016;1200;29.6;;66;;5;5.1444;3.75;
82024;27/03/2016;0000;31.1;;62;;0;0;7.5;
82024;27/03/2016;1200;28.2;;72;;5;6.17328;10;
82024;28/03/2016;0000;31.8;;66;;0;0;6.25;
82024;28/03/2016;1200;28.2;;75;;5;6.68772;6.25;
82024;29/03/2016;0000;25.3;;98;;9;1.02888;10;
82024;29/03/2016;1200;26.6;;82;;5;2.05776;2.5;
82024;30/03/2016;0000;29.4;;71;;5;2.05776;2.5;
82024;30/03/2016;1200;27.1;;77;;5;4.11552;5;
82024;31/03/2016;0000;33;;53;;9;1.54332;5;
82024;31/03/2016;1200;28.7;;75;;5;5.65884;8.75;
82024;01/04/2016;0000;27;;91;;5;5.1444;10;
82024;21/04/2016;1200;23.2;;96;;0;0;10;
82024;22/04/2016;0000;26.5;;89;;0;0;7.5;
82024;22/04/2016;1200;26.4;;96;;0;0;7.5;
82024;23/04/2016;0000;27;;94;;0;0;5;
82024;23/04/2016;1200;28.5;;75;;5;4.62996;8.75;
82024;23/04/2016;1800;28.8;;80;;0;0;7.5;
82024;24/04/2016;0000;25.7;;97;;0;0;10;
82024;24/04/2016;1200;28.4;;80;;5;2.5722;10;
82024;25/04/2016;0000;27.8;;81;;9;1.02888;2.5;
82024;25/04/2016;1200;26.2;;85;;5;2.05776;8.75;
82024;26/04/2016;0000;28.9;;83;;0;0;2.5;
82024;26/04/2016;1200;29.2;;85;;9;1.54332;7.5;
82024;27/04/2016;0000;29.9;;73;;5;2.05776;2.5;
82024;27/04/2016;1200;26.7;;83;;5;1.54332;7.5;
82024;28/04/2016;0000;29.9;;73;;2;5.1444;6.25;
82024;28/04/2016;1200;27;;83;;9;1.02888;7.5;
82024;29/04/2016;0000;28.4;;83;;27;1.54332;3.75;
82024;29/04/2016;1200;23.6;;97;;9;2.5722;10;
82024;30/04/2016;0000;25.2;;90;;18;2.05776;10;
82024;30/04/2016;1200;23.7;;98;;5;1.54332;10;
82024;01/05/2016;0000;25.2;;92;;0;0;0;
82024;01/05/2016;1200;25.5;;89;;5;2.5722;10;
82024;02/05/2016;0000;24.9;;94;;0;0;10;
82024;02/05/2016;1200;25.8;;82;;0;0;7.5;
82024;03/05/2016;1200;26.4;;88;;36;1.54332;6.25;
82024;04/05/2016;0000;27.9;;85;;0;0;5;
82024;04/05/2016;1200;27.1;;83;;0;0;7.5;
82024;05/05/2016;0000;27.5;;98;;0;0;5;
82024;05/05/2016;1200;26.3;;91;;23;1.54332;10;
82024;06/05/2016;0000;24.3;;92;;0;0;5;
82024;06/05/2016;1200;25.6;;90;;0;0;6.25;
82024;07/05/2016;0000;27.6;;89;;0;0;3.75;
82024;07/05/2016;1200;29.8;;75;;5;2.5722;3.75;
82024;08/05/2016;0000;27.3;;75;;5;1.02888;3.75;
82024;08/05/2016;1200;24.2;;97;;0;0;10;
82024;09/05/2016;0000;24.9;;99;;0;0;10;
82024;09/05/2016;1200;24.9;;94;;0;0;10;
82024;10/05/2016;0000;27.1;;84;;0;0;8.75;
82024;10/05/2016;1200;25.5;;90;;5;1.54332;7.5;
82024;11/05/2016;0000;28.7;;82;;0;0;5;
82024;11/05/2016;1200;25.2;;96;;0;0;7.5;
82024;12/05/2016;0000;23.9;;96;;0;0;7.5;
82024;12/05/2016;1200;23.8;;99;;0;0;10;
82024;13/05/2016;0000;26.5;;88;;0;0;10;
82024;13/05/2016;1200;26.5;;86;;9;1.02888;6.25;
82024;14/05/2016;0000;28.7;;80;;0;0;0;
82024;14/05/2016;1200;27.9;;84;;9;1.02888;7.5;
82024;15/05/2016;0000;28.9;;77;;5;1.02888;0;
82024;15/05/2016;1200;28.2;;80;;5;2.05776;6.25;
82024;16/05/2016;0000;29.3;;75;;0;0;0;
82024;16/05/2016;1200;27.3;;85;;5;1.54332;7.5;
82024;17/05/2016;0000;27.7;;87;;36;2.5722;10;
82024;17/05/2016;1200;27.4;;85;;0;0;7.5;
82024;18/05/2016;0000;27.6;;85;;0;0;10;
82024;18/05/2016;1200;28.9;;77;;5;2.5722;6.25;
82024;19/05/2016;0000;25.7;;94;;14;2.05776;10;
82024;19/05/2016;1200;25.5;;94;;9;1.02888;10;
82024;20/05/2016;0000;28.7;;81;;0;0;3.75;
82024;20/05/2016;1200;27.1;;87;;9;2.05776;3.75;
82024;22/05/2016;0000;29.9;;77;;5;1.54332;7.5;
82024;22/05/2016;1200;30.2;;74;;5;2.5722;3.75;
82024;23/05/2016;0000;29.1;;79;;5;1.02888;0;
82024;23/05/2016;1200;30;;77;;9;1.02888;3.75;
82024;24/05/2016;0000;29.7;;73;;5;1.02888;7.5;
82024;24/05/2016;1200;28.7;;77;;5;2.05776;5;
82024;25/05/2016;0000;29.8;;78;;0;0;2.5;
82024;25/05/2016;1200;27.7;;81;;0;0;7.5;
82024;26/05/2016;0000;28.5;;75;;9;1.02888;10;
82024;26/05/2016;1200;27.1;;89;;0;0;7.5;
82024;27/05/2016;0000;29;;77;;27;1.54332;6.25;
82024;27/05/2016;1200;27.5;;86;;0;0;7.5;
82024;28/05/2016;0000;28.7;;88;;0;0;10;
82024;28/05/2016;1200;27.5;;81;;5;1.02888;10;
82024;29/05/2016;0000;29.1;;78;;0;0;0;
82024;29/05/2016;1200;27.7;;85;;0;0;8.75;
82024;30/05/2016;1200;25.1;;95;;0;0;10;
82024;31/05/2016;0000;24.4;;95;;0;0;10;
82024;31/05/2016;1200;24.3;;96;;0;0;7.5;
82024;01/06/2016;0000;25.9;;91;;0;0;10;
82024;01/06/2016;1200;22.5;;98;;23;2.5722;10;
82024;02/06/2016;0000;25.2;;92;;0;0;10;
82024;02/06/2016;1200;24.4;;97;;0;0;10;
82024;03/06/2016;0000;26.9;;88;;0;0;10;
82024;03/06/2016;1200;26.5;;71;;5;3.08664;10;
82024;04/06/2016;0000;27.5;;86;;0;0;7.5;
82024;04/06/2016;1200;25.8;;91;;5;0.51444;10;
82024;05/06/2016;0000;25.6;;94;;5;1.54332;10;
82024;05/06/2016;1200;26.1;;91;;36;1.54332;5;
82024;06/06/2016;0000;23.9;;99;;0;0;10;
82024;06/06/2016;1200;24.9;;94;;0;0;7.5;
82024;07/06/2016;0000;26.3;;91;;0;0;7.5;
82024;07/06/2016;1200;23.2;;97;;0;0;10;
82024;08/06/2016;0000;27.4;;86;;5;1.54332;0;
82024;08/06/2016;1200;27;;83;;36;1.02888;7.5;
82024;09/06/2016;0000;27.1;;80;;0;0;2.5;
82024;09/06/2016;1200;28.1;;76;;5;1.54332;6.25;
82024;10/06/2016;0000;27.3;;88;;5;1.54332;3.75;
82024;10/06/2016;1200;28;;72;;5;2.5722;6.25;
82024;11/06/2016;0000;28.7;;82;;5;0.51444;0;
82024;11/06/2016;1200;28.5;;75;;5;1.54332;5;
82024;12/06/2016;0000;28.2;;85;;0;0;6.25;
82024;12/06/2016;1200;27.5;;81;;36;1.54332;7.5;
82024;13/06/2016;0000;24.9;;94;;18;1.54332;10;
82024;13/06/2016;1200;24.1;;96;;0;0;10;
82024;14/06/2016;0000;28.1;;79;;0;0;6.25;
82024;14/06/2016;1200;23.2;;96;;14;1.02888;7.5;
82024;15/06/2016;0000;24.1;;98;;0;0;10;
82024;15/06/2016;1200;24.8;;95;;0;0;7.5;
82024;16/06/2016;0000;25.8;;90;;0;0;2.5;
82024;16/06/2016;1200;25;;90;;0;0;7.5;
82024;17/06/2016;0000;24.6;;96;;14;1.02888;5;
82024;17/06/2016;1200;26;;90;;0;0;6.25;
82024;18/06/2016;0000;26.3;;93;;0;0;10;
82024;18/06/2016;1200;25.8;;91;;5;1.02888;7.5;
82024;19/06/2016;0000;25.3;;95;;0;0;10;
82024;19/06/2016;1200;25.9;;91;;0;0;10;
82024;20/06/2016;0000;28.5;;76;;36;1.02888;3.75;
82024;20/06/2016;1200;24.4;;95;;0;0;10;
82024;21/06/2016;0000;27.8;;86;;0;0;10;
82024;21/06/2016;1200;25;;88;;0;0;10;
82024;22/06/2016;1200;26.7;;84;;5;1.54332;7.5;
82024;23/06/2016;0000;28.1;;85;;0;0;7.5;
82024;23/06/2016;1200;24.3;;99;;0;0;10;
82024;24/06/2016;0000;26.9;;87;;0;0;0;
82024;24/06/2016;1200;25.8;;92;;0;0;7.5;
82024;25/06/2016;0000;24.3;;98;;0;0;0;
82024;25/06/2016;1200;26;;89;;5;0.51444;7.5;
82024;26/06/2016;0000;27.1;;86;;0;0;0;
82024;26/06/2016;1200;26;;90;;0;0;8.75;
82024;27/06/2016;0000;25.9;;91;;0;0;5;
82024;27/06/2016;1200;27.3;;85;;0;0;7.5;
82024;28/06/2016;0000;27.2;;85;;0;0;2.5;
82024;28/06/2016;1200;26.8;;86;;18;1.02888;6.25;
82024;29/06/2016;0000;27.4;;80;;5;1.02888;10;
82024;29/06/2016;1200;25.1;;85;;5;1.54332;10;
82024;30/06/2016;0000;25.1;;92;;0;0;10;
82024;30/06/2016;1200;24.7;;95;;0;0;10;
82024;01/07/2016;0000;25.9;;94;;0;0;3.75;
82024;01/07/2016;1200;24.8;;95;;5;1.02888;7.5;
82024;02/07/2016;0000;29;;73;;5;1.02888;2.5;
82024;02/07/2016;1200;25.1;;95;;14;1.02888;10;
82024;03/07/2016;0000;25.8;;90;;0;0;6.25;
82024;03/07/2016;1200;24.1;;91;;0;0;10;
82024;04/07/2016;0000;26.3;;89;;0;0;3.75;
82024;04/07/2016;1200;27.3;;85;;5;1.02888;7.5;
82024;05/07/2016;0000;26;;91;;0;0;0;
82024;05/07/2016;1200;25.4;;92;;0;0;7.5;
82024;06/07/2016;0000;27.5;;72;;0;0;5;
82024;06/07/2016;1200;24.8;;93;;0;0;6.25;
82024;07/07/2016;0000;27.4;;82;;27;1.54332;7.5;
82024;07/07/2016;1200;26.7;;86;;23;1.02888;6.25;
82024;08/07/2016;0000;28;;84;;23;1.02888;3.75;
82024;08/07/2016;1200;27.2;;80;;0;0;5;
82024;09/07/2016;0000;25.1;;90;;36;1.02888;2.5;
82024;10/07/2016;0000;28.2;;82;;0;0;3.75;
82024;10/07/2016;1200;26.5;;84;;9;1.54332;5;
82024;11/07/2016;0000;27.5;;79;;9;1.02888;2.5;
82024;11/07/2016;1200;27.5;;80;;0;0;3.75;
82024;12/07/2016;0000;28;;87;;14;1.02888;2.5;
82024;12/07/2016;1200;29.2;;57;;0;0;5;
82024;13/07/2016;0000;28.1;;78;;0;0;3.75;
82024;13/07/2016;1200;;;93;;0;0;10;
82024;14/07/2016;0000;25.8;;91;;0;0;3.75;
82024;14/07/2016;1200;25.7;;91;;0;0;10;
82024;15/07/2016;0000;26.5;;88;;0;0;5;
82024;15/07/2016;1200;24.6;;95;;14;1.54332;10;
82024;16/07/2016;0000;26.2;;88;;9;1.02888;10;
82024;16/07/2016;1200;25.3;;91;;0;0;7.5;
82024;17/07/2016;0000;24.8;;96;;0;0;5;
82024;17/07/2016;1200;25.7;;89;;5;1.02888;2.5;
82024;18/07/2016;0000;24.1;;92;;9;1.02888;2.5;
82024;18/07/2016;1200;25;;92;;0;0;6.25;
82024;19/07/2016;0000;25;;81;;0;0;5;
82024;19/07/2016;1200;25.4;;90;;0;0;3.75;
82024;20/07/2016;0000;25.2;;88;;0;0;7.5;
82024;20/07/2016;1200;23.7;;95;;27;0.51444;10;
82024;21/07/2016;0000;27.3;;82;;0;0;7.5;
82024;21/07/2016;1200;25.7;;88;;0;0;7.5;
82024;22/07/2016;0000;24.4;;93;;0;0;7.5;
82024;22/07/2016;1200;25.3;;95;;23;1.54332;7.5;
82024;23/07/2016;0000;25.5;;89;;0;0;10;
82024;23/07/2016;1200;25.7;;95;;32;1.54332;10;
82024;24/07/2016;0000;27.3;;83;;0;0;6.25;
82024;24/07/2016;1200;24.2;;94;;23;1.54332;10;
82024;25/07/2016;0000;25.2;;93;;0;0;10;
82024;25/07/2016;1200;26.3;;88;;32;0.51444;7.5;
82024;26/07/2016;0000;25.2;;92;;0;0;6.25;
82024;26/07/2016;1200;24.7;;90;;36;2.5722;10;
82024;27/07/2016;0000;27.2;;82;;0;0;6.25;
82024;27/07/2016;1200;26.4;;89;;0;0;7.5;
82024;28/07/2016;0000;26.7;;81;;0;0;7.5;
82024;28/07/2016;1200;26.1;;88;;5;2.05776;7.5;
82024;29/07/2016;0000;27.9;;80;;0;0;6.25;
82024;29/07/2016;1200;27.7;;78;;9;0.51444;5;
82024;30/07/2016;0000;25.3;;91;;0;0;2.5;
82024;30/07/2016;1200;29.1;;76;;9;2.05776;2.5;
82024;31/07/2016;0000;28.1;;79;;14;1.54332;5;
82024;31/07/2016;1200;26.9;;83;;0;0;5;
82024;01/08/2016;0000;25.3;;92;;27;1.54332;6.25;
82024;01/08/2016;1200;25.6;;87;;9;0.51444;7.5;
82024;02/08/2016;0000;28.5;;77;;0;0;2.5;
82024;02/08/2016;1200;28.6;;78;;9;0.51444;3.75;
82024;03/08/2016;0000;27.2;;89;;0;0;2.5;
82024;03/08/2016;1200;24.9;;92;;9;1.02888;10;
82024;04/08/2016;0000;26.9;;81;;0;0;5;
82024;04/08/2016;1200;25.2;;84;;0;0;6.25;
82024;05/08/2016;0000;26;;88;;0;0;2.5;
82024;05/08/2016;1200;27.2;;82;;36;1.02888;2.5;
82024;05/08/2016;1800;27.8;;88;;5;1.02888;10;
82024;06/08/2016;0000;24.9;;98;;0;0;5;
82024;06/08/2016;1200;22.6;;96;;0;0;10;
82024;07/08/2016;0000;26.9;;84;;0;0;5;
82024;07/08/2016;1200;24.5;;91;;0;0;7.5;
82024;08/08/2016;0000;28.7;;74;;0;0;5;
82024;08/08/2016;1200;28.5;;73;;9;2.5722;2.5;
82024;09/08/2016;0000;29.1;;72;;5;1.02888;2.5;
82024;09/08/2016;1200;27.5;;82;;5;2.05776;7.5;
82024;10/08/2016;0000;29;;84;;0;0;6.25;
82024;10/08/2016;1200;28.4;;84;;5;1.02888;2.5;
82024;11/08/2016;0000;29.1;;71;;0;0;2.5;
82024;12/08/2016;0000;25.9;;88;;0;0;0;
82024;12/08/2016;1200;26.7;;90;;0;0;3.75;
82024;13/08/2016;0000;28.3;;83;;0;0;0;
82024;13/08/2016;1200;27.3;;82;;9;2.05776;7.5;
82024;14/08/2016;0000;26.3;;89;;0;0;3.75;
82024;14/08/2016;1200;24.5;;90;;0;0;6.25;
82024;15/08/2016;0000;26.3;;85;;0;0;3.75;
82024;15/08/2016;1200;27.3;;87;;32;1.54332;6.25;
82024;16/08/2016;0000;27.7;;85;;0;0;5;
82024;16/08/2016;1200;29.1;;76;;5;1.54332;2.5;
82024;17/08/2016;0000;28.3;;77;;0;0;7.5;
82024;17/08/2016;1200;27.5;;82;;9;1.54332;7.5;
82024;18/08/2016;0000;29.1;;78;;0;0;5;
82024;18/08/2016;1200;29.5;;59;;9;2.05776;2.5;
82024;19/08/2016;0000;29.7;;66;;5;0.51444;2.5;
82024;19/08/2016;1200;28.4;;75;;9;4.11552;3.75;
82024;20/08/2016;0000;29.9;;74;;9;0.51444;0;
82024;20/08/2016;1200;28.9;;72;;5;2.05776;1.25;
82024;21/08/2016;0000;29.3;;75;;0;0;0;
82024;21/08/2016;1200;29.9;;73;;0;0;0;
82024;22/08/2016;0000;30.6;;72;;0;0;0;
82024;22/08/2016;1200;29.5;;76;;0;0;2.5;
82024;23/08/2016;0000;29.5;;69;;0;0;0;
82024;23/08/2016;1200;25.2;;88;;23;5.1444;7.5;
82024;24/08/2016;0000;26.1;;88;;23;2.5722;10;
82024;24/08/2016;1200;24.2;;93;;0;0;10;
82024;25/08/2016;1200;26.5;;88;;0;0;7.5;
82024;26/08/2016;0000;25.8;;88;;0;0;2.5;
82024;26/08/2016;1200;25.9;;86;;32;1.54332;7.5;
82024;27/08/2016;0000;24.9;;95;;0;0;0;
82024;27/08/2016;1200;23.9;;92;;0;0;5;
82024;28/08/2016;0000;25.9;;93;;0;0;0;
82024;28/08/2016;1200;27.2;;79;;0;0;6.25;
82024;29/08/2016;0000;26.9;;85;;0;0;0;
82024;29/08/2016;1200;26.7;;81;;5;1.54332;2.5;
82024;30/08/2016;0000;27.6;;71;;0;0;0;
82024;30/08/2016;1200;28.9;;71;;36;1.02888;2.5;
82024;31/08/2016;0000;29.1;;76;;0;0;0;
82024;31/08/2016;1200;29.7;;68;;5;1.02888;2.5;
82024;01/09/2016;0000;29.2;;76;;0;0;0;
82024;01/09/2016;1200;29.9;;68;;0;0;3.75;
82024;02/09/2016;0000;30.4;;72;;0;0;0;
82024;02/09/2016;1200;30;;68;;9;2.05776;3.75;
82024;03/09/2016;0000;25.3;;85;;9;1.02888;7.5;
82024;03/09/2016;1200;26.5;;89;;14;1.02888;8.75;
82024;04/09/2016;0000;24.8;;90;;0;0;3.75;
82024;04/09/2016;1200;26.6;;68;;18;1.02888;3.75;
82024;05/09/2016;0000;27.5;;78;;9;1.02888;2.5;
82024;05/09/2016;1200;29.7;;71;;0;0;6.25;
82024;06/09/2016;0000;29.7;;80;;0;0;0;
82024;06/09/2016;1200;28.1;;82;;27;1.02888;6.25;
82024;07/09/2016;0000;28.5;;74;;23;1.02888;6.25;
82024;07/09/2016;1200;25.9;;86;;23;1.02888;6.25;
82024;08/09/2016;0000;27.7;;78;;0;0;3.75;
82024;08/09/2016;1200;28;;78;;0;0;3.75;
82024;09/09/2016;0000;29;;85;;0;0;3.75;
82024;09/09/2016;1200;26.8;;78;;9;1.02888;5;
82024;10/09/2016;1200;28.9;;74;;36;1.02888;3.75;
82024;11/09/2016;0000;25.3;;94;;0;0;2.5;
82024;11/09/2016;1200;24.9;;96;;0;0;7.5;
82024;12/09/2016;0000;28.6;;70;;23;1.02888;0;
82024;12/09/2016;1200;25.7;;89;;5;1.02888;6.25;
82024;13/09/2016;0000;35.3;;49;;0;0;2.5;
82024;13/09/2016;1200;29.3;;69;;36;1.54332;2.5;
82024;14/09/2016;0000;29.9;;75;;27;1.02888;3.75;
82024;14/09/2016;1200;30.4;;71;;2;2.05776;3.75;
82024;15/09/2016;0000;30.9;;71;;5;1.02888;0;
82024;15/09/2016;1200;29.3;;71;;5;1.54332;2.5;
82024;16/09/2016;0000;29.7;;69;;9;1.02888;2.5;
82024;16/09/2016;1200;27.2;;80;;9;1.02888;3.75;
82024;17/09/2016;0000;26.4;;87;;23;2.05776;7.5;
82024;17/09/2016;1200;23.6;;93;;36;1.54332;7.5;
82024;18/09/2016;0000;28.7;;72;;5;1.02888;0;
82024;18/09/2016;1200;27.6;;82;;5;1.02888;6.25;
82024;19/09/2016;0000;29.7;;66;;0;0;2.5;
82024;19/09/2016;1200;29.2;;69;;5;3.60108;2.5;
82024;20/09/2016;0000;28.1;;75;;0;0;0;
82024;20/09/2016;1200;29.9;;69;;9;1.54332;0;
82024;21/09/2016;0000;29.4;;73;;0;0;2.5;
82024;21/09/2016;1200;27.3;;81;;14;1.02888;3.75;
82024;22/09/2016;0000;28.2;;74;;0;0;3.75;
82024;22/09/2016;1200;26.1;;88;;0;0;6.25;
82024;23/09/2016;0000;25.8;;88;;36;1.02888;6.25;
82024;23/09/2016;1200;27.1;;82;;5;1.02888;10;
82024;24/09/2016;0000;30.6;;69;;0;0;3.75;
82024;24/09/2016;1200;28.8;;73;;5;1.54332;10;
82024;25/09/2016;0000;30.1;;63;;0;0;0;
82024;25/09/2016;1200;29;;72;;5;1.54332;3.75;
82024;26/09/2016;0000;29.9;;68;;0;0;2.5;
82024;26/09/2016;1200;30.9;;70;;5;0.51444;2.5;
82024;27/09/2016;0000;30;;67;;0;0;0;
82024;27/09/2016;1200;29.7;;66;;5;1.54332;2.5;
82024;28/09/2016;0000;29.9;;71;;0;0;0;
82024;28/09/2016;1200;27.6;;83;;5;1.54332;5;
82024;29/09/2016;0000;28.4;;73;;5;2.05776;7.5;
82024;29/09/2016;1200;27.4;;83;;5;0.51444;7.5;
82024;30/09/2016;0000;29.5;;58;;5;1.54332;0;
82024;30/09/2016;1200;28.4;;75;;5;1.54332;10;
82024;01/10/2016;0000;30.4;;74;;0;0;2.5;
82024;01/10/2016;1200;29.6;;70;;5;2.05776;2.5;
82024;02/10/2016;0000;27.8;;88;;0;0;10;
82024;02/10/2016;1200;28.7;;80;;0;0;7.5;
82024;03/10/2016;0000;29.8;;65;;0;0;3.75;
82024;03/10/2016;1200;28.8;;66;;9;2.05776;7.5;
82024;04/10/2016;0000;30.4;;56;;0;0;0;
82024;04/10/2016;1200;29.9;;71;;9;1.02888;0;
82024;05/10/2016;0000;30.2;;68;;9;1.02888;0;
82024;05/10/2016;1200;30.6;;65;;9;1.54332;2.5;
82024;06/10/2016;0000;30.6;;63;;0;0;2.5;
82024;06/10/2016;1200;30.4;;66;;9;2.05776;0;
82024;07/10/2016;0000;30;;64;;9;1.02888;0;
82024;07/10/2016;1200;29.7;;66;;5;3.08664;3.75;
82024;08/10/2016;0000;30.6;;69;;0;0;0;
82024;08/10/2016;1200;29.9;;70;;5;2.5722;6.25;
82024;09/10/2016;0000;29.9;;73;;9;3.08664;6.25;
82024;10/10/2016;0000;28.9;;81;;5;1.02888;2.5;
82024;10/10/2016;1200;29.8;;74;;9;1.02888;10;
82024;11/10/2016;0000;30;;70;;5;1.54332;2.5;
82024;11/10/2016;1200;30.4;;64;;5;1.02888;2.5;
82024;12/10/2016;0000;29.7;;68;;5;1.54332;0;
82024;12/10/2016;1200;30.2;;65;;9;1.54332;2.5;
82024;13/10/2016;0000;29.5;;72;;5;1.54332;5;
82024;13/10/2016;1200;29.9;;73;;9;1.02888;5;
82024;14/10/2016;0000;29.9;;77;;0;0;0;
82024;15/10/2016;0000;30;;70;;5;1.02888;3.75;
82024;15/10/2016;1200;31;;68;;5;1.54332;0;
82024;16/10/2016;0000;30;;70;;5;1.02888;3.75;
82024;16/10/2016;1200;30.2;;67;;5;3.08664;0;
82024;18/10/2016;0000;30.6;;65;;9;1.02888;0;
82024;18/10/2016;1200;30.9;;66;;5;3.08664;2.5;
82024;19/10/2016;0000;30.2;;71;;5;1.02888;0;
82024;19/10/2016;1200;30.9;;66;;5;2.5722;0;
82024;20/10/2016;0000;30.1;;66;;0;0;0;
82024;20/10/2016;1200;30.2;;65;;5;4.62996;0;
82024;21/10/2016;0000;30.4;;66;;5;1.54332;0;
82024;21/10/2016;1200;30.6;;67;;5;2.5722;2.5;
82024;22/10/2016;0000;30.7;;69;;5;1.02888;0;
82024;22/10/2016;1200;29.9;;71;;5;2.5722;7.5;
82024;23/10/2016;0000;30.2;;67;;0;0;10;
82024;23/10/2016;1200;23.9;;99;;0;0;10;
82024;24/10/2016;0000;27.5;;84;;0;0;5;
82024;24/10/2016;1200;30.5;;71;;9;2.05776;3.75;
82024;25/10/2016;0000;25.8;;92;;9;1.02888;7.5;
82024;25/10/2016;1200;26.9;;84;;0;0;5;
82024;26/10/2016;0000;29.7;;76;;0;0;0;
82024;26/10/2016;1200;29.5;;79;;9;1.02888;6.25;
82024;27/10/2016;0000;29.9;;75;;9;1.02888;0;
82024;27/10/2016;1200;30.2;;80;;9;2.5722;2.5;
82024;28/10/2016;0000;30.7;;70;;5;1.02888;5;
82024;28/10/2016;1200;28.5;;73;;5;2.5722;10;
82024;29/10/2016;0000;29.5;;77;;23;2.5722;6.25;
82024;29/10/2016;1200;27.9;;79;;5;2.05776;7.5;
82024;30/10/2016;0000;28.1;;77;;0;0;0;
82024;30/10/2016;1200;27.8;;81;;23;0.51444;2.5;
82024;31/10/2016;0000;26.1;;93;;0;0;5;
82024;31/10/2016;1200;28.7;;81;;0;0;7.5;
82024;01/11/2016;0000;25.7;;90;;0;0;10;
82024;01/11/2016;1200;27.9;;81;;0;0;2.5;
82024;02/11/2016;0000;30;;64;;0;0;0;
82024;02/11/2016;1200;30.4;;71;;9;1.54332;2.5;
82024;03/11/2016;0000;30.8;;68;;0;0;0;
82024;03/11/2016;1200;31.4;;68;;5;2.5722;3.75;
82024;04/11/2016;0000;30.2;;69;;5;1.54332;0;
82024;04/11/2016;1200;29.4;;74;;5;1.54332;7.5;
82024;05/11/2016;0000;30.6;;71;;0;0;0;
82024;05/11/2016;1200;28;;77;;0;0;7.5;
82024;06/11/2016;0000;25.5;;85;;12;1.02888;10;
82024;06/11/2016;1200;24.3;;91;;0;0;10;
82024;07/11/2016;1200;28.9;;84;;9;3.08664;5;
82024;08/11/2016;1200;27;;83;;36;1.02888;7.5;
82024;09/11/2016;0000;29.1;;76;;5;1.02888;0;
82024;09/11/2016;1200;29.7;;76;;5;2.05776;2.5;
82024;10/11/2016;0000;30;;74;;5;1.02888;0;
82024;10/11/2016;1200;29.9;;75;;5;4.11552;3.75;
82024;11/11/2016;1200;30;;74;;5;4.62996;5;
82024;12/11/2016;0000;30.6;;75;;5;1.02888;0;
82024;12/11/2016;1200;29.5;;79;;9;1.54332;7.5;
82024;13/11/2016;0000;29.3;;71;;0;0;7.5;
82024;13/11/2016;1200;29.4;;76;;5;2.5722;5;
82024;14/11/2016;0000;28.9;;77;;0;0;6.25;
82024;14/11/2016;1200;30;;74;;9;1.54332;3.75;
82024;15/11/2016;0000;30.8;;69;;0;0;3.75;
82024;15/11/2016;1200;29.6;;78;;9;1.54332;6.25;
82024;16/11/2016;0000;30.4;;74;;0;0;3.75;
82024;16/11/2016;1200;27.5;;86;;0;0;8.75;
82024;17/11/2016;0000;29.7;;80;;0;0;0;
82024;17/11/2016;1200;28.5;;83;;9;2.5722;5;
82024;18/11/2016;0000;29.9;;77;;0;0;6.25;
82024;18/11/2016;1200;28.7;;86;;9;2.5722;7.5;
82024;19/11/2016;0000;24.1;;94;;23;1.02888;7.5;
82024;19/11/2016;1200;26.7;;82;;0;0;2.5;
82024;20/11/2016;0000;30.7;;72;;0;0;3.75;
82024;20/11/2016;1200;27.7;;84;;9;2.5722;6.25;
82024;21/11/2016;0000;29.3;;70;;0;0;3.75;
82024;21/11/2016;1200;29.3;;73;;5;1.02888;2.5;
82024;22/11/2016;0000;27.5;;87;;9;1.54332;3.75;
82024;22/11/2016;1200;29.1;;83;;0;0;7.5;
82024;23/11/2016;0000;27.1;;87;;0;0;7.5;
82024;24/11/2016;0000;29.5;;87;;0;0;7.5;
82024;24/11/2016;1200;28;;87;;5;1.54332;10;
82024;25/11/2016;0000;29.1;;79;;0;0;5;
82024;25/11/2016;1200;27.7;;85;;5;0.51444;7.5;
82024;26/11/2016;0000;29.7;;63;;0;0;0;
82024;27/11/2016;0000;29.1;;76;;0;0;0;
82024;27/11/2016;1200;28.7;;79;;9;1.02888;10;
82024;28/11/2016;0000;30;;73;;0;0;0;
82024;28/11/2016;1200;27.9;;81;;9;1.02888;10;
82024;29/11/2016;0000;29.7;;69;;5;1.02888;0;
82024;29/11/2016;1200;29.4;;72;;9;1.02888;2.5;
82024;30/11/2016;0000;29.8;;74;;0;0;0;
82024;30/11/2016;1200;29.8;;73;;9;1.54332;2.5;
82024;01/12/2016;0000;29.7;;74;;0;0;0;
82024;01/12/2016;1200;29.5;;74;;5;7.20216;2.5;
82024;02/12/2016;0000;30;;74;;5;1.02888;0;
82024;02/12/2016;1200;29.3;;77;;9;3.60108;3.75;
82024;03/12/2016;0000;30.4;;74;;0;0;3.75;
82024;03/12/2016;1200;29;;77;;5;6.17328;0;
82024;04/12/2016;0000;29.8;;76;;0;0;0;
82024;04/12/2016;1200;29.6;;76;;9;1.02888;0;
82024;05/12/2016;1200;29.7;;76;;5;2.5722;6.25;
82024;06/12/2016;0000;29.8;;77;;5;1.02888;0;
82024;06/12/2016;1200;29.3;;78;;5;1.54332;2.5;
82024;07/12/2016;0000;30.3;;75;;0;0;0;
82024;07/12/2016;1200;29.7;;75;;5;3.60108;0;
82024;08/12/2016;0000;30.2;;82;;0;0;0;
82024;08/12/2016;1200;29;;81;;5;5.65884;2.5;
82024;09/12/2016;0000;30.4;;73;;0;0;3.75;
82024;09/12/2016;1200;28.9;;81;;5;6.17328;3.75;
82024;10/12/2016;0000;29.9;;74;;0;0;0;
82024;10/12/2016;1200;29.3;;74;;5;5.1444;6.25;
82024;11/12/2016;0000;29.5;;74;;5;2.5722;3.75;
82024;11/12/2016;1200;27.5;;79;;9;3.08664;7.5;
82024;12/12/2016;0000;29.5;;75;;5;1.02888;3.75;
82024;13/12/2016;0000;29.3;;81;;5;0.51444;6.25;
82024;13/12/2016;1200;27.9;;83;;5;4.11552;10;
82024;14/12/2016;0000;26.5;;88;;5;1.54332;6.25;
82024;14/12/2016;1200;25.3;;95;;5;1.02888;8.75;
82024;15/12/2016;0000;28.6;;81;;0;0;6.25;
82024;15/12/2016;1200;28.2;;82;;5;2.05776;3.75;
82024;16/12/2016;0000;29.7;;73;;5;1.54332;0;
82024;16/12/2016;1200;28.8;;82;;5;3.08664;5;
82024;17/12/2016;0000;28.5;;82;;5;1.02888;3.75;
82024;18/12/2016;0000;26.9;;87;;9;4.62996;10;
82024;18/12/2016;1200;26.1;;88;;5;1.54332;5;
82024;19/12/2016;0000;28.4;;76;;0;0;0;
82024;19/12/2016;1200;27.5;;87;;5;3.60108;3.75;
82024;20/12/2016;0000;28.4;;76;;0;0;0;
82024;20/12/2016;1200;27.1;;87;;5;1.54332;7.5;
82024;21/12/2016;0000;29.1;;75;;5;1.02888;0;
82024;21/12/2016;1200;25.9;;93;;5;1.02888;7.5;
82024;22/12/2016;1200;26.1;;93;;5;1.02888;10;
82024;23/12/2016;0000;29.1;;86;;0;0;7.5;
82024;23/12/2016;1200;26.9;;91;;5;0.51444;6.25;
82024;24/12/2016;0000;28.1;;84;;0;0;7.5;
82024;24/12/2016;1200;24.8;;99;;0;0;10;
82024;25/12/2016;1200;25.9;;91;;0;0;10;
82024;26/12/2016;0000;29.7;;78;;14;0.51444;6.25;
82024;26/12/2016;1200;27;;90;;5;0.51444;6.25;
82024;27/12/2016;0000;29.7;;78;;14;0.51444;6.25;
82024;27/12/2016;1200;27.3;;89;;5;3.60108;3.75;
82024;28/12/2016;0000;25.1;;98;;0;0;6.25;
82024;28/12/2016;1200;26.7;;87;;5;1.54332;6.25;
82024;29/12/2016;0000;28.1;;89;;0;0;0;
82024;29/12/2016;1200;26.6;;96;;5;1.54332;2.5;
82024;30/12/2016;0000;29.3;;71;;5;0.51444;2.5;
82024;30/12/2016;1200;25.6;;90;;0;0;6.25;
82024;31/12/2016;0000;26.9;;88;;0;0;3.75;
82024;31/12/2016;1200;26.6;;79;;5;6.17328;5;
82024;01/01/2017;0000;29.9;;64;;5;0.51444;0;
82024;01/01/2017;1200;26.9;24.2;80;;5;2.4;0;
82024;02/01/2017;0000;29.7;25.5;70;;0;0;3;
82024;02/01/2017;1200;26.6;24.2;82;;5;1.3;6;
82024;03/01/2017;0000;28.5;25.7;79;;0;0;0;
82024;03/01/2017;1200;26.4;24.9;88;;5;1.2;10;
82024;04/01/2017;0000;26.5;24.5;84;;0;0;3;
82024;04/01/2017;1200;26.7;24;78;;5;3.3;8;
82024;05/01/2017;0000;27.5;24.7;78;;0;0;6;
82024;05/01/2017;1200;28.1;24.4;72;;5;3.8;5;
82024;06/01/2017;0000;28.5;25.5;77;;0;0;0;
82024;06/01/2017;1200;25.5;23.6;85;;5;1.2;8;
82024;07/01/2017;0000;29.7;24.5;64;;0;0;0;
82024;07/01/2017;1200;24.9;23.6;90;;9;1.2;3;
82024;08/01/2017;0000;27.3;24.1;76;;9;1.2;7;
82024;08/01/2017;1200;25.9;23.6;82;;9;1.2;10;
82024;09/01/2017;0000;26.9;23.7;76;;9;1.2;8;
82024;09/01/2017;1200;26;23.6;81;;9;2.8;5;
82024;10/01/2017;0000;28.3;23.4;64;;5;1.2;0;
82024;10/01/2017;1200;25.7;21.8;69;;9;2.8;0;
82024;11/01/2017;0000;29.7;24.3;62;;0;0;0;
82024;11/01/2017;1200;26.1;23.6;80;;5;2.8;2;
82024;12/01/2017;0000;29.5;24.5;65;;9;1.2;7;
82024;12/01/2017;1200;25.9;23.5;80;;9;2.8;6;
82024;13/01/2017;0000;28.5;24.9;73;;0;0;0;
82024;13/01/2017;1200;27.8;24.1;72;;5;0.5;6;
82024;14/01/2017;0000;27.9;24.7;75;;23;3.8;6;
82024;14/01/2017;1200;25.5;23.6;84;;5;1.2;8;
82024;15/01/2017;0000;28.1;24.8;75;;23;2.9;6;
82024;15/01/2017;1200;26.6;23.4;75;;5;4.2;0;
82024;16/01/2017;0000;29.1;23.8;62;;5;1.2;0;
82024;16/01/2017;1200;27.7;23.8;71;;5;3.9;2;
82024;17/01/2017;0000;29.1;24.8;69;;0;0;0;
82024;17/01/2017;1200;26.4;23.3;76;;9;1.2;6;
82024;18/01/2017;0000;29.3;24.9;68;;9;1.2;3;
82024;18/01/2017;1200;25.9;23.7;84;;5;1.8;6;
82024;19/01/2017;0000;27.1;24;76;;5;1.2;0;
82024;19/01/2017;1200;25.1;23.1;84;;9;1.8;7;
82024;20/01/2017;0000;29.7;25;67;;0;0;2;
82024;20/01/2017;1200;25.5;23.3;82;;5;2.8;7;
82024;21/01/2017;0000;29;25.3;73;;5;1.2;0;
82024;21/01/2017;1200;27.3;23.6;72;;5;3.3;4;
82024;22/01/2017;0000;29.9;25.7;71;;0;0;0;
82024;22/01/2017;1200;26.9;23.3;73;;5;5.4;8;
82024;23/01/2017;0000;24.7;22.7;84;;23;2.8;10;
82024;23/01/2017;1200;25;24;91;;5;1.8;10;
82024;24/01/2017;0000;28.3;24.1;69;;5;1.7;0;
82024;24/01/2017;1200;25;23.8;90;;5;1.7;10;
82024;25/01/2017;0000;27;26.5;96;;0;0;5;
82024;25/01/2017;1200;27.9;24.5;75;;9;3.3;3;
82024;26/01/2017;0000;29;24.8;70;;5;2.8;0;
82024;26/01/2017;1200;25.5;23.7;86;;9;1.7;3;
82024;27/01/2017;0000;29.3;25.1;70;;0;0;0;
82024;27/01/2017;1200;24.9;23.7;91;;9;1.2;0;
82024;28/01/2017;0000;28.9;24;65;;9;1.2;0;
82024;28/01/2017;1200;25.9;24.9;92;;5;3.3;2;
82024;29/01/2017;0000;29.5;24.9;67;;0;0;2;
82024;29/01/2017;1200;24.2;23.3;92;;0;0;10;
82024;30/01/2017;0000;27.7;25;84;;0;0;6;
82024;30/01/2017;1200;25;23.7;88;;5;1.2;10;
82024;31/01/2017;0000;29.1;24.9;69;;5;1.2;8;
82024;31/01/2017;1200;27.1;24.1;77;;5;3.3;5;
82024;01/02/2017;0000;28.1;24.3;71;;5;3.3;3;
82024;02/02/2017;0000;28.8;;69;;0;0;0;
82024;02/02/2017;1200;26.5;;89;;5;3.08664;10;
82024;03/02/2017;0000;27.3;;71;;5;1.02888;2.5;
82024;03/02/2017;1200;26.7;;78;;5;3.08664;7.5;
82024;04/02/2017;0000;28.5;;72;;5;1.02888;2.5;
82024;04/02/2017;1200;25.7;;80;;5;2.5722;7.5;
82024;05/02/2017;1200;26.4;;83;;5;2.05776;6.25;
82024;06/02/2017;0000;29.9;;70;;5;2.05776;7.5;
82024;06/02/2017;1200;27.2;;72;;5;3.08664;7.5;
82024;07/02/2017;0000;28.7;;69;;5;1.54332;5;
82024;07/02/2017;1200;24.3;;92;;9;1.02888;10;
82024;08/02/2017;0000;27.5;;77;;5;2.05776;7.5;
82024;08/02/2017;1200;27.1;;80;;5;2.5722;2.5;
82024;09/02/2017;0000;28.1;;63;;9;1.02888;0;
82024;09/02/2017;1200;27.6;;70;;5;2.5722;10;
82024;10/02/2017;0000;28.5;;69;;5;1.02888;0;
82024;10/02/2017;1200;27;;71;;5;4.62996;6.25;
82024;11/02/2017;0000;28.7;;72;;5;1.02888;3.75;
82024;05/03/2017;1200;25.1;;88;;0;0;10;
82024;06/03/2017;0000;29.9;;66;;0;0;2.5;
82024;06/03/2017;1200;25.9;;78;;5;1.02888;7.5;
82024;07/03/2017;0000;27;;83;;0;0;3.75;
82024;07/03/2017;1200;26.4;;75;;5;1.02888;10;
82024;08/03/2017;0000;27.1;;78;;0;0;2.5;
82024;08/03/2017;1200;24.4;;87;;9;1.02888;10;
82024;09/03/2017;0000;28.9;;72;;0;0;10;
82024;09/03/2017;1200;25.7;;89;;14;1.54332;7.5;
82024;10/03/2017;0000;28.1;;70;;0;0;3.75;
82024;10/03/2017;1200;24.7;;92;;9;1.02888;10;
82024;11/03/2017;0000;25.1;;91;;0;0;7.5;
82024;11/03/2017;1200;24.8;;94;;0;0;10;
82024;12/03/2017;0000;25.1;;99;;0;0;7.5;
82024;12/03/2017;1200;25.2;;84;;5;1.54332;7.5;
82024;13/03/2017;0000;27.8;;78;;0;0;0;
82024;13/03/2017;1200;27.4;;72;;5;3.08664;3.75;
82024;14/03/2017;1200;26.9;;68;;5;3.60108;2.5;
82024;15/03/2017;0000;27.5;;72;;9;1.02888;0;
82024;15/03/2017;1200;27.3;;66;;5;5.1444;0;
82024;16/03/2017;0000;29.7;;64;;0;0;0;
82024;16/03/2017;1200;26.4;;83;;5;2.5722;7.5;
82024;17/03/2017;0000;29.9;;68;;0;0;0;
82024;17/03/2017;1200;28.1;;67;;5;5.1444;3.75;
82024;18/03/2017;1200;27.8;;65;;5;4.62996;2.5;
82024;19/03/2017;0000;28.9;;68;;5;1.02888;0;
82024;19/03/2017;1200;28.5;;73;;5;1.54332;7.5;
82024;20/03/2017;0000;27.9;;75;;23;1.54332;7.5;
82024;20/03/2017;1200;24.1;;96;;0;0;10;
82024;21/03/2017;0000;24;;83;;36;1.02888;10;
82024;21/03/2017;1200;26;;85;;9;1.54332;10;
82024;22/03/2017;0000;25.7;;84;;5;1.02888;2.5;
82024;22/03/2017;1200;25.8;;87;;9;1.02888;7.5;
82024;23/03/2017;0000;28.3;;74;;9;1.02888;0;
82024;23/03/2017;1200;28.8;;71;;9;1.02888;2.5;
82024;24/03/2017;0000;27.7;;80;;5;1.02888;3.75;
82024;24/03/2017;1200;27.9;;72;;5;3.08664;10;
82024;25/03/2017;0000;30.1;;62;;5;1.02888;0;
82024;25/03/2017;1200;27.1;;77;;5;3.08664;7.5;
82024;26/03/2017;0000;30;;64;;0;0;0;
82024;26/03/2017;1200;28.1;;75;;5;1.02888;7.5;
82024;27/03/2017;0000;30.6;;66;;0;0;6.25;
82024;27/03/2017;1200;26.4;;88;;5;2.5722;2.5;
82024;28/03/2017;0000;30;;74;;0;0;0;
82024;28/03/2017;1200;28.1;;81;;9;1.54332;5;
82024;29/03/2017;0000;27.7;;85;;5;1.54332;10;
82024;29/03/2017;1200;26.6;;80;;0;0;10;
82024;30/03/2017;1200;24.2;;96;;0;0;10;
82024;31/03/2017;0000;24.7;;90;;0;0;6.25;
82024;31/03/2017;1200;27.5;;68;;5;3.08664;2.5;
82024;01/04/2017;0000;28.5;;72;;5;1.02888;0;
82024;01/04/2017;1200;27.1;;78;;5;3.08664;10;
82024;02/04/2017;0000;29.5;;67;;5;1.02888;0;
82024;02/04/2017;1200;27.4;;75;;5;3.08664;6.25;
82024;03/04/2017;0000;29.3;;65;;9;1.02888;0;
82024;03/04/2017;1200;25.9;;79;;5;2.5722;7.5;
82024;04/04/2017;0000;28.6;;62;;5;1.02888;0;
82024;04/04/2017;1200;28.6;;68;;5;4.62996;2.5;
82024;05/04/2017;0000;29.6;;60;;5;1.54332;0;
82024;06/04/2017;0000;29.9;;64;;5;1.02888;0;
82024;06/04/2017;1200;26.5;;73;;5;2.5722;10;
82024;07/04/2017;0000;29;;69;;5;1.02888;2.5;
82024;07/04/2017;1200;26.1;;80;;5;1.54332;10;
82024;08/04/2017;0000;29.5;;73;;0;0;10;
82024;08/04/2017;1200;27.1;;77;;5;1.54332;10;
82024;09/04/2017;0000;28.1;;76;;5;1.02888;0;
82024;09/04/2017;1200;24.9;;84;;5;1.02888;7.5;
82024;10/04/2017;0000;28.1;;76;;5;1.02888;0;
82024;10/04/2017;1200;27.1;;72;;5;3.08664;2.5;
82024;11/04/2017;0000;29.3;;70;;0;0;2.5;
82024;11/04/2017;1200;27.6;;70;;9;2.5722;2.5;
82024;12/04/2017;0000;30;;74;;0;0;2.5;
82024;12/04/2017;1200;26.3;;84;;5;1.54332;7.5;
82024;13/04/2017;0000;26.9;;87;;36;1.02888;7.5;
82024;13/04/2017;1200;25.9;;91;;0;0;10;
82024;14/04/2017;0000;26.1;;88;;0;0;10;
82024;14/04/2017;1200;27.4;;76;;5;1.54332;3.75;
82024;15/04/2017;0000;29.7;;75;;0;0;0;
82024;15/04/2017;1200;26.9;;87;;5;2.05776;7.5;
82024;16/04/2017;0000;24.9;;98;;0;0;10;
82024;16/04/2017;1200;24.9;;96;;0;0;10;
82024;17/04/2017;0000;29.1;;77;;0;0;7.5;
82024;17/04/2017;1200;24;;96;;5;1.02888;10;
82024;18/04/2017;0000;26.4;;90;;0;0;7.5;
82024;18/04/2017;1200;24.9;;91;;9;1.02888;10;
82024;19/04/2017;0000;27.9;;84;;0;0;0;
82024;19/04/2017;1200;25;;93;;0;0;10;
82024;20/04/2017;0000;28.3;;76;;9;1.02888;5;
82024;20/04/2017;1200;27.4;;73;;5;3.08664;7.5;
82024;21/04/2017;0000;29.5;;78;;5;1.02888;0;
82024;21/04/2017;1200;27.4;;84;;5;1.54332;2.5;
82024;22/04/2017;0000;30;;74;;0;0;0;
82024;22/04/2017;1200;27.3;;69;;5;3.08664;0;
82024;23/04/2017;0000;29.9;;73;;9;1.54332;0;
82024;23/04/2017;1200;28.5;;74;;5;2.05776;3.75;
82024;24/04/2017;0000;30;;79;;0;0;3.75;
82024;24/04/2017;1200;29.7;;74;;9;1.54332;3.75;
82024;25/04/2017;0000;30.2;;79;;5;2.5722;3.75;
82024;25/04/2017;1200;27.4;;79;;5;4.11552;10;
82024;26/04/2017;0000;29.3;;75;;9;1.54332;0;
82024;26/04/2017;1200;28.5;;78;;5;4.62996;3.75;
82024;27/04/2017;0000;29;;79;;5;1.02888;2.5;
82024;27/04/2017;1200;28.6;;77;;5;4.11552;2.5;
82024;28/04/2017;0000;29.9;;64;;5;2.05776;0;
82024;28/04/2017;1200;26.7;;78;;5;2.5722;10;
82024;29/04/2017;0000;28.9;;72;;5;2.05776;6.25;
82024;29/04/2017;1200;25.9;;90;;0;0;10;
82024;30/04/2017;1200;25.1;;95;;0;0;10;
82024;01/05/2017;0000;27.9;;87;;0;0;3.75;
82024;01/05/2017;1200;28;;83;;0;0;7.5;
82024;02/05/2017;0000;25.7;;92;;0;0;10;
82024;02/05/2017;1200;26;;88;;5;1.02888;10;
82024;03/05/2017;0000;25.2;;96;;0;0;10;
82024;03/05/2017;1200;24;;97;;36;1.02888;10;
82024;04/05/2017;0000;27.1;;84;;0;0;0;
82024;04/05/2017;1200;27.3;;80;;5;1.54332;7.5;
82024;05/05/2017;0000;24.9;;98;;0;0;10;
82024;05/05/2017;1200;24.5;;98;;0;0;10;
82024;06/05/2017;0000;26;;90;;0;0;0;
82024;06/05/2017;1200;28.8;;80;;9;1.02888;5;
82024;07/05/2017;0000;27;;91;;0;0;7.5;
82024;07/05/2017;1200;26.7;;87;;9;1.02888;5;
82024;08/05/2017;0000;27.8;;89;;14;1.02888;3.75;
82024;08/05/2017;1200;25.5;;95;;5;1.02888;10;
82024;09/05/2017;0000;26.5;;88;;23;1.02888;10;
82024;09/05/2017;1200;25.2;;92;;0;0;10;
82024;10/05/2017;0000;25.5;;95;;36;1.02888;6.25;
82024;10/05/2017;1200;26.1;;89;;5;1.02888;10;
82024;11/05/2017;0000;26.3;;93;;0;0;7.5;
82024;11/05/2017;1200;24.1;;98;;0;0;10;
82024;12/05/2017;0000;24.5;;96;;0;0;5;
82024;12/05/2017;1200;23.5;;96;;9;1.54332;10;
82024;13/05/2017;0000;26.3;;84;;0;0;5;
82024;13/05/2017;1200;26.1;;94;;9;1.54332;7.5;
82024;14/05/2017;0000;26.8;;90;;0;0;0;
82024;14/05/2017;1200;27.7;;81;;5;1.02888;7.5;
82024;15/05/2017;0000;27.9;;87;;0;0;0;
82024;15/05/2017;1200;26.4;;89;;9;1.02888;10;
82024;16/05/2017;0000;26.7;;95;;0;0;7.5;
82024;16/05/2017;1200;25.8;;92;;0;0;10;
82024;17/05/2017;0000;27.2;;85;;23;2.05776;7.5;
82024;17/05/2017;1200;22.6;;96;;36;1.02888;10;
82024;18/05/2017;0000;23.9;;95;;0;0;10;
82024;18/05/2017;1200;25.4;;89;;14;1.02888;7.5;
82024;19/05/2017;0000;26.9;;85;;0;0;0;
82024;19/05/2017;1200;25.4;;91;;5;2.5722;10;
82024;20/05/2017;0000;27.3;;85;;0;0;0;
82024;20/05/2017;1200;28.7;;77;;5;2.5722;2.5;
82024;21/05/2017;0000;28.5;;75;;5;1.54332;7.5;
82024;21/05/2017;1200;25.1;;92;;0;0;10;
82024;22/05/2017;0000;26.9;;86;;36;2.5722;10;
82024;22/05/2017;1200;27.4;;81;;5;1.54332;7.5;
82024;23/05/2017;0000;29.3;;77;;0;0;0;
82024;23/05/2017;1200;29.7;;66;;9;2.5722;2.5;
82024;24/05/2017;0000;30.5;;71;;5;1.02888;5;
82024;24/05/2017;1200;28.9;;72;;5;4.11552;2.5;
82024;25/05/2017;0000;29.7;;66;;0;0;0;
82024;25/05/2017;1200;29;;73;;5;1.54332;0;
82024;26/05/2017;0000;29;;75;;0;0;0;
82024;26/05/2017;1200;29;;75;;5;1.02888;2.5;
82024;27/05/2017;0000;29.4;;75;;5;1.54332;0;
82024;27/05/2017;1200;27.5;;79;;5;1.02888;6.25;
82024;28/05/2017;0000;29;;79;;0;0;3.75;
82024;28/05/2017;1200;33;;56;;0;0;2.5;
82024;29/05/2017;0000;29.8;;72;;0;0;3.75;
82024;29/05/2017;1200;27.5;;84;;5;1.54332;7.5;
82024;30/05/2017;0000;26.1;;93;;0;0;3.75;
82024;30/05/2017;1200;27.5;;81;;9;1.02888;7.5;
82024;31/05/2017;0000;26.3;;89;;5;1.02888;10;
82024;31/05/2017;1200;27.8;;82;;5;1.02888;5;
82024;01/06/2017;0000;27.8;;83;;0;0;5;
82024;01/06/2017;1200;28.3;;77;;5;1.54332;2.5;
82024;02/06/2017;0000;29.7;;72;;5;1.02888;0;
82024;02/06/2017;1200;27.9;;84;;5;1.02888;5;
82024;03/06/2017;0000;29.1;;84;;0;0;3.75;
82024;03/06/2017;1200;28.7;;81;;5;1.02888;6.25;
82024;04/06/2017;0000;29.4;;69;;5;1.02888;0;
82024;04/06/2017;1200;28.5;;79;;5;1.54332;2.5;
82024;05/06/2017;0000;30;;71;;0;0;0;
82024;05/06/2017;1200;24.6;;94;;9;1.54332;10;
82024;06/06/2017;0000;29.5;;82;;0;0;0;
82024;06/06/2017;1200;26.4;;95;;0;0;10;
82024;07/06/2017;0000;26.1;;96;;0;0;10;
82024;07/06/2017;1200;26.5;;93;;0;0;10;
82024;08/06/2017;0000;28.7;;78;;0;0;5;
82024;08/06/2017;1200;24.8;;97;;0;0;10;
82024;09/06/2017;0000;24.8;;97;;0;0;7.5;
82024;09/06/2017;1200;24.9;;92;;0;0;10;
82024;10/06/2017;0000;25.5;;95;;23;0.51444;6.25;
82024;11/06/2017;1200;26.9;;84;;9;1.02888;0;
82024;12/06/2017;0000;29.1;;82;;0;0;0;
82024;12/06/2017;1200;26.5;;89;;9;1.02888;7.5;
82024;13/06/2017;0000;27;;90;;0;0;10;
82024;13/06/2017;1200;24.7;;96;;14;1.02888;10;
82024;14/06/2017;1200;25.7;;95;;23;1.02888;3.75;
82024;15/06/2017;0000;28.9;;83;;0;0;0;
82024;15/06/2017;1200;27.9;;82;;5;1.02888;2.5;
82024;16/06/2017;0000;29.7;;83;;0;0;0;
82024;16/06/2017;1200;29.5;;79;;9;1.02888;0;
82024;17/06/2017;1200;24.9;;94;;36;1.02888;7.5;
82024;18/06/2017;0000;27.1;;90;;0;0;6.25;
82024;18/06/2017;1200;26.7;;84;;5;1.02888;7.5;
82024;19/06/2017;0000;27.8;;87;;14;1.02888;6.25;
82024;19/06/2017;1200;25.6;;93;;0;0;7.5;
82024;20/06/2017;0000;25.9;;84;;0;0;10;
82024;20/06/2017;1200;24.6;;97;;36;1.02888;10;
82024;21/06/2017;1200;27.6;;95;;5;2.05776;6.25;
82024;22/06/2017;0000;28.1;;86;;0;0;3.75;
82024;22/06/2017;1200;24.9;;99;;9;1.02888;10;
82024;23/06/2017;0000;24.8;;95;;0;0;10;
82024;23/06/2017;1200;24;;97;;0;0;10;
82024;24/06/2017;0000;24.8;;89;;0;0;7.5;
82024;24/06/2017;1200;25.8;;91;;0;0;7.5;
82024;25/06/2017;0000;25.7;;94;;0;0;7.5;
82024;25/06/2017;1200;25.8;;95;;9;0.51444;10;
82024;26/06/2017;1200;25;;95;;5;0.51444;7.5;
82024;27/06/2017;0000;24.6;;91;;0;0;7.5;
82024;27/06/2017;1200;25.9;;91;;0;0;7.5;
82024;28/06/2017;0000;26.5;;89;;14;0.51444;6.25;
82024;28/06/2017;1200;24.7;;95;;27;1.54332;10;
82024;29/06/2017;0000;25.2;;96;;0;0;10;
82024;29/06/2017;1200;25.6;;93;;0;0;10;
82024;30/06/2017;0000;26.7;;88;;0;0;2.5;
82024;30/06/2017;1200;24.2;;96;;36;1.54332;10;
82024;01/07/2017;0000;25.9;;90;;18;1.02888;0;
82024;01/07/2017;1200;23;;96;;36;1.02888;10;
82024;02/07/2017;0000;26.7;;88;;0;0;10;
82024;02/07/2017;1200;23;;93;;36;1.02888;10;
82024;03/07/2017;0000;26.6;;89;;0;0;0;
82024;03/07/2017;1200;26.8;;92;;0;0;2.5;
82024;04/07/2017;0000;26.3;;93;;0;0;5;
82024;04/07/2017;1200;26;;93;;0;0;10;
82024;05/07/2017;0000;25.6;;93;;27;1.02888;6.25;
82024;05/07/2017;1200;26.2;;90;;0;0;7.5;
82024;06/07/2017;0000;26.6;;89;;0;0;6.25;
82024;06/07/2017;1200;28.1;;80;;0;0;6.25;
82024;07/07/2017;0000;29.2;;81;;5;1.02888;7.5;
82024;07/07/2017;1200;26.1;;91;;14;0.51444;2.5;
82024;08/07/2017;0000;29;;89;;0;0;6.25;
82024;08/07/2017;1200;23;;98;;9;1.02888;10;
82024;09/07/2017;0000;25.7;;85;;18;1.02888;5;
82024;09/07/2017;1200;;;93;;9;1.02888;7.5;
82024;10/07/2017;0000;25.5;;89;;9;0.51444;7.5;
82024;10/07/2017;1200;24.3;;98;;0;0;10;
82024;11/07/2017;0000;25.7;;92;;27;1.02888;5;
82024;11/07/2017;1200;24.6;;94;;0;0;7.5;
82024;12/07/2017;0000;24.8;;95;;0;0;7.5;
82024;12/07/2017;1200;23.9;;98;;5;1.02888;10;
82024;13/07/2017;0000;24.5;;99;;0;0;10;
82024;13/07/2017;1200;24.3;;94;;0;0;10;
82024;14/07/2017;0000;26.5;;88;;0;0;0;
82024;14/07/2017;1200;24.1;;95;;0;0;10;
82024;15/07/2017;0000;28.7;;81;;0;0;3.75;
82024;15/07/2017;1200;25.8;;90;;0;0;2.5;
82024;16/07/2017;0000;28.9;;81;;0;0;0;
82024;16/07/2017;1200;24.2;;94;;36;0.51444;10;
82024;17/07/2017;0000;26.7;;88;;0;0;6.25;
82024;17/07/2017;1200;25.9;;94;;0;0;7.5;
82024;18/07/2017;0000;26.3;;88;;0;0;10;
82024;18/07/2017;1200;27.9;;79;;14;0.51444;0;
82024;19/07/2017;0000;26.7;;82;;24;1.02888;3.75;
82024;19/07/2017;1200;25.9;;87;;0;0;7.5;
82024;20/07/2017;0000;26.2;;84;;3;0.51444;6.25;
82024;21/07/2017;0000;24.7;;92;;18;0.51444;10;
82024;21/07/2017;1200;23.2;;100;;0;0;10;
82024;22/07/2017;0000;26.1;;86;;18;1.02888;5;
82024;22/07/2017;1200;24.3;;98;;0;0;10;
82024;23/07/2017;0000;25.9;;89;;0;0;5;
82024;23/07/2017;1200;24.5;;92;;0;0;10;
82024;24/07/2017;0000;25.2;;94;;0;0;2.5;
82024;24/07/2017;1200;25;;97;;0;0;7.5;
82024;25/07/2017;0000;27.2;;82;;0;0;0;
82024;25/07/2017;1200;24.8;;91;;5;0.51444;6.25;
82024;26/07/2017;0000;26.9;;83;;23;1.02888;6.25;
82024;26/07/2017;1200;24.9;;94;;0;0;10;
82024;27/07/2017;0000;24.1;;98;;0;0;0;
82024;27/07/2017;1200;26.1;;80;;9;0.51444;7.5;
82024;28/07/2017;0000;25.6;;91;;23;0.51444;0;
82024;28/07/2017;1200;24.5;;96;;0;0;10;
82024;29/07/2017;0000;28.3;;81;;0;0;0;
82024;29/07/2017;1200;22.9;;98;;32;0.51444;8.75;
82024;01/08/2017;1200;24.7;;89;;27;1.02888;6.25;
82024;02/08/2017;0000;28.8;;78;;0;0;2.5;
82024;02/08/2017;1200;26.5;;82;;0;0;10;
82024;03/08/2017;0000;27;;85;;0;0;5;
82024;03/08/2017;1200;24.1;;96;;9;0.51444;10;
82024;04/08/2017;0000;25;;95;;9;0.51444;10;
82024;04/08/2017;1200;23.6;;97;;5;1.02888;10;
82024;05/08/2017;0000;28;;83;;0;0;0;
82024;05/08/2017;1200;27.4;;82;;5;2.5722;7.5;
82024;06/08/2017;1200;27.5;;81;;14;0.51444;3.75;
82024;07/08/2017;0000;28.1;;79;;0;0;3.75;
82024;07/08/2017;1200;27.1;;83;;14;0.51444;3.75;
82024;08/08/2017;0000;26.1;;90;;0;0;6.25;
82024;08/08/2017;1200;28.3;;76;;5;2.05776;3.75;
82024;09/08/2017;0000;28;;83;;5;1.02888;0;
82024;09/08/2017;1200;28.2;;75;;5;1.54332;6.25;
82024;10/08/2017;0000;29;;80;;0;0;0;
82024;11/08/2017;1200;26.9;;81;;5;1.02888;2.5;
82024;12/08/2017;0000;30.2;;70;;0;0;0;
82024;12/08/2017;1200;28.4;;74;;5;2.5722;1.25;
82024;13/08/2017;0000;31.4;;63;;5;1.02888;0;
82024;13/08/2017;1200;28.8;;74;;5;2.5722;2.5;
82024;14/08/2017;0000;29.9;;75;;0;0;0;
82024;14/08/2017;1200;29.7;;73;;9;2.5722;2.5;
82024;15/08/2017;0000;30.3;;73;;23;2.05776;3.75;
82024;15/08/2017;1200;26.6;;85;;5;1.02888;7.5;
82024;16/08/2017;0000;29.4;;70;;23;2.05776;5;
82024;16/08/2017;1200;27.8;;83;;14;1.02888;5;
82024;17/08/2017;0000;31.4;;62;;0;0;0;
82024;17/08/2017;1200;29.8;;71;;5;1.02888;0;
82024;18/08/2017;0000;29.9;;75;;9;1.02888;0;
82024;18/08/2017;1200;30;;64;;9;1.02888;0;
82024;19/08/2017;0000;31.6;;66;;9;0.51444;0;
82024;20/08/2017;0000;32.2;;53;;36;1.02888;3.75;
82024;20/08/2017;1200;29.9;;71;;5;1.02888;2.5;
82024;21/08/2017;0000;29.9;;68;;9;1.02888;2.5;
82024;21/08/2017;1200;29.2;;72;;9;2.05776;2.5;
82024;22/08/2017;0000;30.6;;61;;9;1.02888;0;
82024;22/08/2017;1200;30.4;;77;;0;0;3.75;
82024;23/08/2017;0000;28.7;;73;;0;0;5;
82024;23/08/2017;1200;27.3;;84;;9;1.02888;6.25;
82024;24/08/2017;0000;29.8;;68;;18;1.02888;2.5;
82024;24/08/2017;1200;27.6;;79;;23;1.02888;3.75;
82024;25/08/2017;0000;26.6;;82;;23;2.05776;5;
82024;25/08/2017;1200;26.2;;88;;0;0;10;
82024;26/08/2017;0000;30.6;;73;;0;0;0;
82024;26/08/2017;1200;24.8;;91;;0;0;7.5;
82024;27/08/2017;0000;26.3;;88;;0;0;10;
82024;27/08/2017;1200;25.6;;90;;0;0;3.75;
82024;28/08/2017;0000;30.6;;67;;0;0;0;
82024;28/08/2017;1200;29.9;;71;;9;0.51444;2.5;
82024;29/08/2017;0000;27.7;;81;;0;0;7.5;
82024;29/08/2017;1200;28.6;;75;;5;2.5722;0;
82024;30/08/2017;0000;29;;77;;0;0;5;
82024;30/08/2017;1200;27.6;;84;;23;1.02888;2.5;
82024;31/08/2017;0000;27.5;;76;;32;2.05776;0;
82024;31/08/2017;1200;27.5;;81;;32;0.51444;0;
82024;01/09/2017;0000;30.7;;63;;18;2.05776;5;
82024;01/09/2017;1200;27.9;;76;;27;1.54332;5;
82024;02/09/2017;0000;27.3;;86;;0;0;5;
82024;02/09/2017;1200;27.9;;77;;18;0.51444;7.5;
82024;03/09/2017;0000;27.8;;82;;0;0;2.5;
82024;03/09/2017;1200;25.3;;96;;0;0;3.75;
82024;04/09/2017;0000;30;;71;;0;0;2.5;
82024;04/09/2017;1200;23.6;;97;;0;0;10;
82024;05/09/2017;0000;25.7;;83;;0;0;0;
82024;05/09/2017;1200;26.9;;76;;0;0;5;
82024;06/09/2017;1200;27.9;;81;;9;0.51444;5;
82024;07/09/2017;0000;29;;78;;0;0;5;
82024;07/09/2017;1200;28.2;;78;;9;2.5722;0;
82024;08/09/2017;0000;29.4;;67;;2;1.54332;2.5;
82024;09/09/2017;0000;29.7;;72;;9;0.51444;0;
82024;09/09/2017;1200;25.3;;91;;0;0;10;
82024;10/09/2017;1200;29;;73;;5;1.54332;3.75;
82024;11/09/2017;0000;31;;64;;0;0;0;
82024;11/09/2017;1200;27.9;;75;;36;1.54332;2.5;
82024;12/09/2017;0000;28.9;;73;;5;1.54332;7.5;
82024;12/09/2017;1200;26.9;;81;;27;2.5722;8.75;
82024;13/09/2017;0000;24.9;;85;;9;2.5722;10;
82024;13/09/2017;1200;25;;90;;36;2.5722;10;
82024;14/09/2017;0000;28.7;;74;;36;1.02888;6.25;
82024;14/09/2017;1200;25.7;;89;;0;0;7.5;
82024;15/09/2017;0000;28.8;;74;;0;0;5;
82024;15/09/2017;1200;28.5;;75;;9;2.5722;3.75;
82024;16/09/2017;0000;29;;74;;18;0.51444;5;
82024;16/09/2017;1200;29.6;;73;;9;1.54332;2.5;
82024;17/09/2017;0000;29.9;;68;;9;1.02888;6.25;
82024;17/09/2017;1200;25.4;;88;;0;0;10;
82024;18/09/2017;0000;24.9;;95;;5;3.08664;10;
82024;18/09/2017;1200;24.8;;92;;0;0;10;
82024;19/09/2017;0000;27.1;;89;;0;0;7.5;
82024;19/09/2017;1200;27.5;;87;;0;0;7.5;
82024;20/09/2017;0000;25.7;;92;;23;1.02888;6.25;
82024;20/09/2017;1200;26.6;;92;;0;0;2.5;
82024;21/09/2017;0000;28.4;;86;;0;0;5;
82024;21/09/2017;1200;29.8;;77;;9;0.51444;2.5;
82024;22/09/2017;0000;29.1;;69;;18;1.02888;3.75;
82024;22/09/2017;1200;25.5;;88;;0;0;10;
82024;23/09/2017;0000;29.5;;73;;0;0;5;
82024;23/09/2017;1200;28.9;;73;;5;1.02888;2.5;
82024;24/09/2017;0000;29.3;;65;;5;1.02888;0;
82024;24/09/2017;1200;28.9;;71;;5;3.08664;2.5;
82024;25/09/2017;0000;29.4;;70;;9;1.02888;2.5;
82024;25/09/2017;1200;29;;72;;5;2.05776;0;
82024;26/09/2017;0000;28.8;;71;;23;1.02888;5;
82024;26/09/2017;1200;29.1;;72;;9;1.54332;2.5;
82024;27/09/2017;0000;29.5;;74;;18;1.02888;3.75;
82024;27/09/2017;1200;27.1;;88;;18;1.02888;3.75;
82024;28/09/2017;1200;28.4;;79;;14;1.02888;6.25;
82024;30/09/2017;0000;29.2;;72;;0;0;6.25;
82024;01/10/2017;0000;30;;69;;5;1.02888;2.5;
82024;01/10/2017;1200;27.9;;75;;5;4.11552;2.5;
82024;02/10/2017;0000;28.5;;77;;0;0;0;
82024;02/10/2017;1200;30.6;;69;;5;2.05776;2.5;
82024;03/10/2017;0000;29.7;;76;;0;0;0;
82024;03/10/2017;1200;28.2;;80;;5;2.5722;7.5;
82024;04/10/2017;0000;28.7;;74;;0;0;10;
82024;04/10/2017;1200;29.9;;76;;0;0;3.75;
82024;05/10/2017;0000;30.1;;63;;9;1.54332;0;
82024;05/10/2017;1200;28.4;;76;;5;2.5722;5;
82024;06/10/2017;0000;28.5;;75;;5;1.02888;2.5;
82024;06/10/2017;1200;29.2;;71;;5;1.54332;3.75;
82024;07/10/2017;0000;28.3;;74;;14;1.02888;3.75;
82024;07/10/2017;1200;27.3;;81;;18;1.02888;10;
82024;08/10/2017;0000;23.9;;91;;0;0;10;
82024;08/10/2017;1200;25.5;;88;;18;1.02888;2.5;
82024;09/10/2017;0000;27.6;;86;;18;1.02888;0;
82024;09/10/2017;1200;26.9;;87;;9;1.02888;5;
82024;10/10/2017;0000;28.4;;84;;0;0;5;
82024;10/10/2017;1200;30.4;;67;;9;1.02888;2.5;
82024;11/10/2017;0000;28.1;;78;;14;1.02888;5;
82024;11/10/2017;1200;29.8;;70;;5;0.51444;2.5;
82024;12/10/2017;0000;29.6;;69;;5;1.02888;0;
82024;12/10/2017;1200;30;;71;;5;3.60108;2.5;
82024;13/10/2017;0000;29.9;;74;;0;0;0;
82024;13/10/2017;1200;29.7;;75;;5;2.05776;6.25;
82024;14/10/2017;0000;26.3;;84;;0;0;8.75;
82024;14/10/2017;1200;28.9;;72;;36;1.02888;3.75;
82024;15/10/2017;0000;29.9;;64;;5;1.54332;0;
82024;15/10/2017;1200;27.5;;75;;9;2.05776;10;
82024;16/10/2017;0000;29.3;;74;;0;0;0;
82024;16/10/2017;1200;32.7;;56;;5;1.54332;2.5;
82024;17/10/2017;0000;30;;67;;5;2.05776;0;
82024;17/10/2017;1200;29.7;;71;;5;5.1444;1.25;
82024;18/10/2017;0000;29.9;;71;;5;1.02888;0;
82024;18/10/2017;1200;30;;60;;5;5.1444;1.25;
82024;19/10/2017;0000;29.6;;68;;9;1.02888;6.25;
82024;19/10/2017;1200;29.2;;72;;5;1.54332;5;
82024;20/10/2017;0000;29.9;;71;;5;1.02888;0;
82024;20/10/2017;1200;29.3;;73;;9;4.62996;5;
82024;21/10/2017;0000;29.8;;63;;5;3.60108;0;
82024;21/10/2017;1200;29.8;;67;;5;5.65884;2.5;
82024;22/10/2017;0000;29.3;;65;;5;2.5722;0;
82024;22/10/2017;1200;28.9;;60;;5;3.60108;2.5;
82024;23/10/2017;0000;29.9;;58;;5;2.05776;0;
82024;23/10/2017;1200;28.8;;70;;5;3.08664;2.5;
82024;24/10/2017;0000;29.3;;74;;0;0;0;
82024;24/10/2017;1200;29.2;;73;;36;1.02888;7.5;
82024;25/10/2017;0000;26.4;;77;;23;1.02888;6.25;
82024;25/10/2017;1200;27.3;;81;;5;1.02888;7.5;
82024;26/10/2017;1200;28.2;;75;;5;4.11552;7.5;
82024;27/10/2017;0000;29;;72;;0;0;7.5;
82024;27/10/2017;1200;29.8;;72;;5;1.02888;3.75;
82024;28/10/2017;0000;29.5;;70;;9;0.51444;0;
82024;28/10/2017;1200;30;;67;;5;1.02888;0;
82024;29/10/2017;0000;29.9;;69;;9;2.05776;0;
82024;29/10/2017;1200;29.3;;70;;5;4.11552;0;
82024;30/10/2017;0000;27.7;;85;;0;0;6.25;
82024;30/10/2017;1200;30;;67;;5;3.60108;5;
82024;31/10/2017;0000;29.7;;70;;0;0;0;
82024;31/10/2017;1200;29.5;;69;;5;1.54332;7.5;
82024;01/11/2017;0000;30.2;;74;;0;0;3.75;
82024;01/11/2017;1200;27.8;;77;;5;1.02888;5;
82024;02/11/2017;0000;26.9;;95;;0;0;0;
82024;02/11/2017;1200;28.1;;77;;5;1.02888;2.5;
82024;03/11/2017;0000;29.1;;72;;0;0;3.75;
82024;03/11/2017;1200;28.5;;74;;9;1.02888;10;
82024;04/11/2017;0000;30.4;;66;;36;1.02888;7.5;
82024;04/11/2017;1200;30.4;;71;;5;1.54332;2.5;
82024;05/11/2017;0000;29.6;;66;;5;2.5722;0;
82024;05/11/2017;1200;30;;66;;5;2.5722;5;
82024;06/11/2017;0000;30.3;;65;;5;2.5722;2.5;
82024;06/11/2017;1200;27.6;;72;;5;4.11552;10;
82024;07/11/2017;0000;29.4;;71;;5;1.02888;3.75;
82024;07/11/2017;1200;25.8;;76;;5;3.08664;10;
82024;08/11/2017;0000;29.9;;73;;0;0;6.25;
82024;08/11/2017;1200;28.1;;75;;5;4.11552;2.5;
82024;09/11/2017;0000;29.1;;75;;0;0;2.5;
82024;09/11/2017;1200;29.3;;70;;5;0.51444;3.75;
82024;10/11/2017;0000;30.2;;61;;5;2.05776;2.5;
82024;10/11/2017;1200;29.4;;70;;5;1.54332;3.75;
82024;11/11/2017;0000;30;;67;;9;2.05776;0;
82024;12/11/2017;0000;29.5;;75;;5;2.5722;2.5;
82024;12/11/2017;1200;28.6;;70;;5;1.54332;3.75;
82024;13/11/2017;0000;29.4;;71;;5;1.02888;0;
82024;13/11/2017;1200;29.9;;70;;5;3.60108;2.5;
82024;14/11/2017;0000;29.6;;61;;5;3.08664;0;
82024;14/11/2017;1200;28.3;;72;;5;2.05776;10;
82024;15/11/2017;0000;29.9;;70;;0;0;5;
82024;15/11/2017;1200;28.6;;79;;5;1.02888;10;
82024;16/11/2017;0000;29;;76;;0;0;5;
82024;16/11/2017;1200;28.9;;74;;9;3.08664;2.5;
82024;17/11/2017;0000;29.8;;67;;5;1.02888;0;
82024;17/11/2017;1200;29.3;;74;;5;2.5722;2.5;
82024;18/11/2017;0000;29.9;;64;;5;2.05776;0;
82024;18/11/2017;1200;30;;70;;5;5.1444;0;
82024;19/11/2017;0000;30;;66;;5;2.5722;5;
82024;19/11/2017;1200;28.8;;71;;5;3.08664;1.25;
82024;20/11/2017;0000;29.5;;67;;5;1.02888;3.75;
82024;20/11/2017;1200;29.7;;68;;5;3.08664;0;
82024;21/11/2017;0000;30;;62;;5;2.05776;0;
82024;21/11/2017;1200;27.9;;72;;5;2.05776;5;
82024;22/11/2017;0000;29.5;;67;;0;0;2.5;
82024;22/11/2017;1200;30.6;;66;;5;3.08664;0;
82024;23/11/2017;0000;30.7;;61;;5;1.54332;3.75;
82024;23/11/2017;1200;29.9;;64;;5;4.11552;5;
82024;24/11/2017;0000;28.7;;72;;9;1.02888;3.75;
82024;24/11/2017;1200;29.9;;66;;5;4.11552;2.5;
82024;25/11/2017;0000;29.2;;69;;5;2.5722;2.5;
82024;25/11/2017;1200;27.9;;76;;5;3.60108;7.5;
82024;26/11/2017;0000;28.8;;64;;9;1.02888;2.5;
82024;26/11/2017;1200;29.9;;62;;5;3.08664;2.5;
82024;27/11/2017;0000;29.5;;66;;5;2.05776;0;
82024;28/11/2017;0000;29.1;;66;;5;1.54332;0;
82024;28/11/2017;1200;29;;70;;5;3.60108;1.25;
82024;29/11/2017;0000;29.6;;68;;5;1.02888;0;
82024;29/11/2017;1200;28.4;;76;;5;3.08664;2.5;
82024;30/11/2017;0000;29.7;;71;;5;0.51444;2.5;
82024;30/11/2017;1200;29.5;;70;;5;6.17328;6.25;
82024;01/12/2017;0000;29.9;;66;;5;1.54332;0;
82024;01/12/2017;1200;29.9;;67;;5;5.65884;2.5;
82024;02/12/2017;0000;29.7;;68;;5;3.08664;0;
82024;02/12/2017;1200;28.5;;73;;5;2.5722;2.5;
82024;03/12/2017;0000;30.2;;63;;5;1.02888;3.75;
82024;04/12/2017;0000;30.3;;60;;5;1.02888;2.5;
82024;04/12/2017;1200;28.9;;70;;5;3.08664;0;
82024;05/12/2017;0000;30.6;;55;;5;2.05776;3.75;
82024;06/12/2017;1200;27.7;;82;;5;3.08664;7.5;
82024;07/12/2017;0000;28.8;;82;;0;0;6.25;
82024;07/12/2017;1200;27.4;;73;;5;2.05776;5;
82024;08/12/2017;0000;29.8;;69;;9;1.02888;2.5;
82024;08/12/2017;1200;27.9;;72;;5;4.11552;0;
82024;09/12/2017;0000;29.5;;67;;0;0;0;
82024;09/12/2017;1200;27.4;;74;;5;2.5722;10;
82024;10/12/2017;0000;27.9;;82;;5;1.02888;0;
82024;14/12/2017;0000;30.4;;65;;5;2.5722;0;
82024;14/12/2017;1200;28.9;;70;;5;2.5722;2.5;
82024;15/12/2017;0000;27.7;;74;;5;3.08664;2.5;
82024;15/12/2017;1200;28.3;;68;;5;5.1444;3.75;
82024;16/12/2017;0000;28.7;;65;;9;1.54332;0;
82024;16/12/2017;1200;26.6;;72;;5;2.5722;7.5;
82024;17/12/2017;0000;27.9;;68;;9;1.54332;0;
82024;17/12/2017;1200;27.4;;70;;5;5.1444;2.5;
82024;18/12/2017;0000;28;;76;;0;0;0;
82024;18/12/2017;1200;28.1;;68;;5;5.1444;2.5;
82024;19/12/2017;0000;30;;63;;9;1.02888;0;
82024;19/12/2017;1200;28.1;;71;;5;5.65884;5;
82024;21/12/2017;0000;28.9;;63;;5;2.5722;0;
82024;21/12/2017;1200;26.2;;80;;9;1.54332;5;
82024;22/12/2017;0000;30.1;;65;;0;0;0;
82024;22/12/2017;1200;27.9;;75;;5;5.1444;2.5;
82024;23/12/2017;0000;29.5;;65;;5;1.02888;0;
82024;23/12/2017;1200;27.7;;73;;5;6.17328;3.75;
82024;24/12/2017;1200;25.9;;79;;5;2.5722;7.5;
82024;25/12/2017;0000;28;;73;;5;2.05776;6.25;
82024;25/12/2017;1200;27.3;;74;;9;3.08664;6.25;
82024;26/12/2017;0000;29.7;;61;;9;1.02888;2.5;
82024;26/12/2017;1200;26.4;;81;;9;1.02888;10;
82024;27/12/2017;0000;29;;67;;0;0;7.5;
82024;27/12/2017;1200;28.4;;70;;9;3.08664;5;
82024;28/12/2017;0000;27.7;;83;;0;0;5;
82024;28/12/2017;1200;23.9;;94;;0;0;10;
82024;29/12/2017;0000;28.7;;79;;0;0;2.5;
82024;29/12/2017;1200;25.5;;88;;14;1.02888;10;
82024;30/12/2017;0000;29.2;;78;;0;0;7.5;
82024;20/02/2018;1200;25.5;;70;;36;4.11552;3.75;
82024;21/02/2018;0000;29.5;;57;;32;2.05776;0;
82024;21/02/2018;1200;26;;63;;32;3.08664;8.75;
82024;22/02/2018;0000;30.2;;58;;0;0;3.75;
82024;22/02/2018;1200;24.9;;69;;32;1.02888;8.75;
82024;23/02/2018;0000;29.2;;59;;32;2.05776;2.5;
82024;23/02/2018;1200;26.1;;62;;27;1.02888;3.75;
82024;24/02/2018;0000;29.8;;58;;27;1.02888;7.5;
82024;24/02/2018;1200;25.9;;76;;27;2.05776;10;
82024;25/02/2018;0000;28.8;;61;;36;1.02888;2.5;
82024;25/02/2018;1200;25.5;;79;;32;1.02888;8.75;
82024;26/02/2018;0000;31;;56;;0;0;2.5;
82024;26/02/2018;1200;25.4;;84;;27;4.11552;7.5;
82024;27/02/2018;0000;30.4;;60;;27;1.02888;0;
82024;27/02/2018;1200;26.3;;77;;32;4.11552;7.5;
82024;28/02/2018;0000;30.8;;65;;0;0;0;
82024;28/02/2018;1200;26.3;;81;;27;3.08664;6.25;