--------------------
BDMEP - INMET
--------------------
Estação           : PAULO AFONSO - BA (OMM: 82986)
Latitude  (graus) : -9.36
Longitude (graus) : -38.21
Altitude  (metros): 252.69
Estação Operante
Inicio de operação: 01/02/1951
Periodo solicitado dos dados: 01/01/2015 a 28/02/2018
Os dados listados abaixo são os que encontram-se digitados no BDMEP
Hora em UTC
--------------------
Obs.: Os dados aparecem separados por ; (ponto e vírgula) no formato txt.
      Para o formato planilha XLS, siga as instruções
--------------------
Estacao;Data;Hora;TempBulboSeco;TempBulboUmido;UmidadeRelativa;PressaoAtmEstacao;DirecaoVento;VelocidadeVentoNebulosidade;
82986;01/01/2015;0000;29;25.5;75;983.7;;;0;
82986;01/01/2015;1200;28.2;23.4;66;986.2;4;3.3;7;
82986;01/01/2015;1800;34;28.1;64;981.1;;;8;
82986;02/01/2015;0000;27.4;25.1;82;983.5;18;5;5;
82986;02/01/2015;1200;27.8;24.1;74;984.7;14;3.3;8;
82986;02/01/2015;1800;35.1;26.8;53;980.7;;;5;
82986;03/01/2015;0000;28.2;22.1;58;983.5;18;5;0;
82986;03/01/2015;1200;27.4;22.2;63;985;9;3.3;4;
82986;03/01/2015;1800;34.3;24.2;40;980.7;;;6;
82986;04/01/2015;0000;28.6;20.6;49;983;;;0;
82986;04/01/2015;1200;27.6;22.1;62;986.2;;;7;
82986;04/01/2015;1800;33.3;24.1;47;982.1;23;1.7;4;
82986;05/01/2015;0000;28.1;22.3;60;984.8;14;5;0;
82986;05/01/2015;1200;27.6;23.4;70;986.9;23;1.2;8;
82986;05/01/2015;1800;35.1;24.9;44;983.9;18;1.7;6;
82986;06/01/2015;0000;28.6;22.4;59;984.6;14;5;0;
82986;06/01/2015;1200;27.8;22.7;65;986.3;18;3.3;7;
82986;06/01/2015;1800;34;23.9;43;982.6;9;3.7;4;
82986;07/01/2015;0000;28.4;22.5;60;984.9;18;5;0;
82986;07/01/2015;1200;26.4;23.6;79;986;9;3.3;8;
82986;07/01/2015;1800;34.8;24.3;42;980.9;18;3.3;7;
82986;08/01/2015;0000;27.4;21.9;61;984.1;18;5;0;
82986;08/01/2015;1200;27.4;22.5;65;985.8;9;3.7;9;
82986;08/01/2015;1800;34.3;23.4;39;981.9;;;7;
82986;09/01/2015;0000;27.4;21.1;56;984.4;;;0;
82986;09/01/2015;1200;26.4;22.3;70;986.3;9;3.3;7;
82986;09/01/2015;1800;34.7;23.7;39;982.4;;;6;
82986;10/01/2015;0000;27.5;22;61;985;;;0;
82986;10/01/2015;1200;27.2;23.5;74;986.8;14;5;8;
82986;10/01/2015;1800;35.2;24.1;40;982.1;9;3.3;5;
82986;11/01/2015;0000;27.2;22.7;69;985.1;14;6.7;0;
82986;11/01/2015;1200;28.4;22.7;62;986.5;14;5.2;8;
82986;11/01/2015;1800;34.8;24;40;982.2;18;3.3;5;
82986;12/01/2015;0000;26.8;23.1;72;985.2;14;3.3;4;
82986;12/01/2015;1200;27.4;22.8;66;987.9;18;3;7;
82986;12/01/2015;1800;35.1;23.9;40;982;;;6;
82986;13/01/2015;0000;27.4;22.3;63;984.9;18;5;0;
82986;13/01/2015;1200;27.6;22.5;64;987.2;18;3.3;7;
82986;13/01/2015;1800;34.2;23.8;43;981.3;;;2;
82986;14/01/2015;0000;27.6;21.9;60;984.2;18;4.7;0;
82986;14/01/2015;1200;27.2;22.1;65;985.6;18;5;7;
82986;14/01/2015;1800;35.1;23.7;39;981.1;;;4;
82986;15/01/2015;0000;26.2;22.3;70;984.8;18;5;0;
82986;15/01/2015;1200;27;22.3;66;986.1;14;3.3;7;
82986;15/01/2015;1800;34.5;23.7;40;981.7;;;7;
82986;16/01/2015;0000;27.4;21.9;61;984.8;18;6.2;0;
82986;16/01/2015;1200;26.8;22.5;68;986.7;14;3.5;8;
82986;16/01/2015;1800;34.4;25.2;46;982.1;9;1.7;5;
82986;17/01/2015;0000;28.2;21.3;54;984.8;14;5;0;
82986;17/01/2015;1200;27.2;22.8;69;986.1;18;4;8;
82986;17/01/2015;1800;35.7;24.5;39;981;18;3.3;5;
82986;18/01/2015;0000;27.5;21.9;61;984.7;18;3.3;0;
82986;18/01/2015;1200;27.8;22.7;65;986;18;3.3;6;
82986;18/01/2015;1800;35.4;23.7;36;981.2;;;4;
82986;19/01/2015;0000;27.8;22.1;61;984;18;5;0;
82986;19/01/2015;1200;27.4;22.5;65;986.4;4;3.3;7;
82986;19/01/2015;1800;34.6;23.3;38;981;;;4;
82986;20/01/2015;0000;28.6;22.3;59;983.2;18;5;0;
82986;20/01/2015;1200;27.9;22.7;65;984.3;18;3.7;7;
82986;20/01/2015;1800;33.9;23.5;42;979.4;;;8;
82986;21/01/2015;0000;28;22.9;63;981.7;18;6.3;0;
82986;21/01/2015;1200;27.2;22.9;70;984.3;9;2.3;9;
82986;21/01/2015;1800;34.1;23.7;42;980.1;36;1.7;7;
82986;22/01/2015;0000;27.8;23.2;68;983.6;14;6.7;0;
82986;22/01/2015;1200;28.6;23.3;65;985.2;18;1.7;9;
82986;22/01/2015;1800;33.8;24.8;48;981.1;18;1.7;7;
82986;23/01/2015;0000;28.1;22.1;58;983.7;18;5;0;
82986;23/01/2015;1200;26.6;21.9;67;986.3;18;2.5;8;
82986;23/01/2015;1800;34.1;22.5;37;982;9;3;7;
82986;24/01/2015;0000;27.9;21.7;59;984;14;5;2;
82986;24/01/2015;1200;27.4;23.4;70;985.2;14;3.2;7;
82986;24/01/2015;1800;35.8;25.1;42;979.8;;;5;
82986;25/01/2015;0000;23.4;22.8;95;984.6;36;3.3;5;
82986;25/01/2015;1200;26.7;23.7;79;985.4;9;3.7;7;
82986;25/01/2015;1800;34;23.6;42;980.8;;;4;
82986;26/01/2015;0000;28.2;22.7;62;983.2;18;;0;
82986;26/01/2015;1200;28.2;22.6;61;986.2;18;3.8;7;
82986;26/01/2015;1800;33.9;23.7;42;981.7;;;9;
82986;27/01/2015;0000;27.6;22.3;63;983.4;;;0;
82986;27/01/2015;1200;26.8;22.3;67;985.8;9;3.8;4;
82986;27/01/2015;1800;34.5;23.7;40;981.4;;;4;
82986;28/01/2015;0000;27.6;22.5;64;983.7;;;0;
82986;28/01/2015;1200;26.2;22.1;69;985.4;;;7;
82986;28/01/2015;1800;34.7;24.9;45;981;9;;4;
82986;29/01/2015;0000;27.5;24;74;983.8;;;0;
82986;29/01/2015;1200;26.8;23.4;74;985.1;;;7;
82986;29/01/2015;1800;35.1;24.7;43;981.1;;;5;
82986;30/01/2015;0000;27.7;24.2;75;983;;;0;
82986;30/01/2015;1200;27.8;24.1;74;984.4;;;9;
82986;30/01/2015;1800;33.9;26.4;56;981.1;;;4;
82986;31/01/2015;0000;28.6;24.5;73;983.8;;;0;
82986;31/01/2015;1200;27.5;23.9;73;985.2;;;8;
82986;31/01/2015;1800;34.7;26.6;53;980.6;;;6;
82986;01/02/2015;0000;29.2;23.4;62;982.8;;;0;
82986;01/02/2015;1200;27.2;23.4;73;985.1;14;3.3;8;
82986;01/02/2015;1800;34.7;24.9;45;980.7;;;8;
82986;02/02/2015;0000;28.6;22.4;59;984.3;;;0;
82986;02/02/2015;1200;27.4;22.8;66;985.2;;;6;
82986;02/02/2015;1800;33.9;24.5;46;981.1;;;8;
82986;03/02/2015;0000;29.6;23.7;61;983.5;;;0;
82986;03/02/2015;1200;27.6;23.3;69;985.7;18;1.7;8;
82986;03/02/2015;1800;34.4;24.1;41;980;9;3.2;8;
82986;04/02/2015;0000;28.8;23;60;982.6;18;5;0;
82986;04/02/2015;1200;27;24.3;80;984.3;;;10;
82986;04/02/2015;1800;31.6;24.3;56;980.3;;;10;
82986;05/02/2015;0000;24.8;23.1;86;983.2;;;10;
82986;05/02/2015;1200;26.7;23.4;77;984.4;;;8;
82986;05/02/2015;1800;34.1;24.7;47;978.5;;;8;
82986;06/02/2015;0000;25.2;23.1;83;981.1;;;4;
82986;06/02/2015;1200;26.6;23;74;983.4;;;7;
82986;06/02/2015;1800;35.6;21.9;29;978;;;3;
82986;07/02/2015;0000;30.4;23.4;55;980.4;;;4;
82986;07/02/2015;1200;27.8;23.6;71;983.5;;;5;
82986;07/02/2015;1800;35.3;22.5;32;979.2;;;6;
82986;08/02/2015;0000;30.8;22.1;48;981.4;;;0;
82986;08/02/2015;1200;28.4;21.7;56;985.2;;;8;
82986;08/02/2015;1800;35;23;36;980.9;;;6;
82986;09/02/2015;0000;28.6;22.9;62;984;;;0;
82986;09/02/2015;1200;27;22.3;66;984.3;;;7;
82986;09/02/2015;1800;34.9;23.1;37;979.9;;;6;
82986;10/02/2015;0000;28;22.2;59;982.7;;;0;
82986;10/02/2015;1200;27.6;23.3;69;984.3;;;8;
82986;10/02/2015;1800;35.5;23.1;34;980.2;;;5;
82986;11/02/2015;0000;28.6;21.5;54;983.6;;;0;
82986;11/02/2015;1200;28.2;22.9;63;986.2;;;7;
82986;11/02/2015;1800;35.3;24.3;39;981.5;;;5;
82986;12/02/2015;0000;28.4;22.4;60;984.6;;;0;
82986;12/02/2015;1200;28.9;23.1;61;987.1;;;6;
82986;12/02/2015;1800;35.5;22.9;33;982.7;;;4;
82986;13/02/2015;0000;28.2;22.9;63;986.2;;;0;
82986;13/02/2015;1200;27.6;22.9;66;987.2;;;8;
82986;13/02/2015;1800;35.1;23.2;37;981.8;;;7;
82986;14/02/2015;0000;29.4;21.5;49;984.8;;;0;
82986;14/02/2015;1200;27.4;22.3;63;985.7;;;5;
82986;14/02/2015;1800;33.9;22.7;38;981.7;;;10;
82986;15/02/2015;0000;29.8;22.6;54;983.2;;;0;
82986;15/02/2015;1200;27.6;23.4;70;985.9;;;10;
82986;15/02/2015;1800;33.6;23.9;44;980.6;;;9;
82986;16/02/2015;0000;24.2;22.9;89;984.3;;;0;
82986;16/02/2015;1200;26.2;22.5;72;986.1;;;3;
82986;16/02/2015;1800;34.3;22.9;34;981.1;;;6;
82986;17/02/2015;0000;28.4;21.3;50;983.7;;;0;
82986;17/02/2015;1200;28;22.9;63;985.2;;;6;
82986;17/02/2015;1800;34.4;24.1;40;979.6;;;6;
82986;18/02/2015;0000;28.2;22.1;57;982.1;;;0;
82986;18/02/2015;1200;28;23.4;66;984.1;;;7;
82986;18/02/2015;1800;34.2;23.3;37;979.2;;;9;
82986;19/02/2015;0000;26.8;21.9;64;982.2;;;0;
82986;19/02/2015;1200;27.8;24.4;75;982.9;;;9;
82986;19/02/2015;1800;33.9;23;37;978.5;;;7;
82986;20/02/2015;0000;27.8;21.7;59;982.8;;;0;
82986;20/02/2015;1200;26.6;22.5;69;984;;;8;
82986;20/02/2015;1800;34.4;22.8;33;979.1;;;6;
82986;21/02/2015;0000;24.8;22.4;81;984.3;;;10;
82986;21/02/2015;1200;25.2;22.7;80;985.2;;;10;
82986;21/02/2015;1800;31.4;23.9;51;981.4;;;7;
82986;22/02/2015;0000;27.8;23.1;66;983.8;;;3;
82986;22/02/2015;1200;26.8;22.9;71;983.7;;;9;
82986;22/02/2015;1800;28.8;24.7;71;980.8;;;10;
82986;23/02/2015;0000;23.4;22.7;94;983.3;;;10;
82986;23/02/2015;1200;26;23.1;77;984.4;;;10;
82986;23/02/2015;1800;31.6;24.3;53;980;;;9;
82986;24/02/2015;0000;25.4;22.9;81;983.5;;;7;
82986;24/02/2015;1200;26.6;23.3;74;985.8;;;8;
82986;24/02/2015;1800;32.2;24.7;52;981.6;;;6;
82986;25/02/2015;0000;27;22.9;69;985.3;;;4;
82986;25/02/2015;1200;27;23.9;76;986.3;;;8;
82986;25/02/2015;1800;34.3;24.3;41;981.9;;;6;
82986;26/02/2015;0000;29.6;23.5;60;983.6;;;0;
82986;26/02/2015;1200;27.7;22.5;62;984.6;;;4;
82986;26/02/2015;1800;33.9;23.5;39;979.4;;;6;
82986;27/02/2015;0000;31;23.3;50;982.4;;;0;
82986;27/02/2015;1200;26.8;23.1;72;983.5;;;4;
82986;27/02/2015;1800;35;24.4;39;979.1;;;5;
82986;28/02/2015;0000;28.9;23.4;61;981;;;0;
82986;28/02/2015;1200;28.2;24.3;71;983.8;;;8;
82986;28/02/2015;1800;36;25.5;41;979;;;5;
82986;01/03/2015;0000;30.2;24.3;61;981;;;0;
82986;01/03/2015;1200;28;23.5;67;984.4;;;7;
82986;01/03/2015;1800;35.2;25.6;44;978.9;;;5;
82986;02/03/2015;0000;28.4;23.6;65;982.9;;;0;
82986;02/03/2015;1200;28.2;23.7;67;985.1;;;7;
82986;02/03/2015;1800;34.4;23.6;37;979.3;;;5;
82986;03/03/2015;0000;28.6;22.6;58;981.8;;;4;
82986;03/03/2015;1200;27.2;22.5;65;984.2;;;7;
82986;03/03/2015;1800;33.2;23.8;43;980.2;;;7;
82986;04/03/2015;0000;28.6;21.1;49;982.3;;;0;
82986;04/03/2015;1200;28;22.5;60;985.1;;;6;
82986;04/03/2015;1800;35.1;23.1;33;980.2;;;8;
82986;05/03/2015;0000;29.8;22.1;49;982.7;;;0;
82986;05/03/2015;1200;28.2;23.3;64;984.5;;;7;
82986;05/03/2015;1800;32.7;24.3;48;980.3;;;7;
82986;06/03/2015;0000;25.4;23.5;84;983.1;;;7;
82986;06/03/2015;1200;25.7;23.1;79;984.1;;;9;
82986;06/03/2015;1800;32;24.5;52;979.4;;;7;
82986;07/03/2015;0000;26.2;22.3;70;982.9;;;3;
82986;07/03/2015;1200;26.6;23.1;73;984.6;;;7;
82986;07/03/2015;1800;33.7;23.5;40;980.3;;;6;
82986;08/03/2015;0000;28.2;23.1;83;982.7;;;0;
82986;08/03/2015;1200;27.4;23.3;69;975.1;;;6;
82986;08/03/2015;1800;33.4;23.3;39;980.3;;;7;
82986;09/03/2015;0000;28.4;24.9;74;983;;;8;
82986;09/03/2015;1200;27.4;23.7;72;984.7;;;9;
82986;09/03/2015;1800;33.8;24.7;46;979.4;;;7;
82986;10/03/2015;0000;27;23.4;73;982.3;;;7;
82986;10/03/2015;1200;27.4;23.5;71;984.5;;;7;
82986;10/03/2015;1800;35.1;24.8;41;979.6;;;5;
82986;11/03/2015;0000;30.8;23.7;53;981;;;0;
82986;11/03/2015;1200;27.4;;66;984.5;;;7;
82986;11/03/2015;1800;35.1;22.8;32;979.4;;;5;
82986;12/03/2015;0000;28.6;21.2;50;983.3;;;0;
82986;12/03/2015;1200;27;23.1;71;983.5;;;5;
82986;12/03/2015;1800;35.5;24.9;40;979.3;;;5;
82986;13/03/2015;0000;28.8;22.7;58;986.1;;;0;
82986;13/03/2015;1200;28.6;22.2;56;983.1;;;5;
82986;13/03/2015;1800;34.6;23.6;37;979;;;5;
82986;14/03/2015;0000;28.8;22.3;54;980.9;;;0;
82986;14/03/2015;1200;27.2;22.2;63;983;;;6;
82986;14/03/2015;1800;35.4;23.7;34;977.7;;;5;
82986;15/03/2015;0000;28.8;22.4;56;980.8;;;0;
82986;15/03/2015;1200;27.8;22.3;60;984.2;;;6;
82986;15/03/2015;1800;34.9;23.7;36;979.1;;;6;
82986;16/03/2015;0000;28.8;22.7;58;982;;;0;
82986;16/03/2015;1200;27.7;23.5;69;984.2;;;6;
82986;16/03/2015;1800;35.5;24.1;37;978.8;;;8;
82986;17/03/2015;0000;28.8;23.9;65;981.6;;;0;
82986;17/03/2015;1200;27.8;23.5;68;984;;;8;
82986;17/03/2015;1800;35.4;23.4;33;979.2;;;7;
82986;18/03/2015;0000;28.4;22.6;59;982.6;;;0;
82986;18/03/2015;1200;27.2;22.3;64;984.7;;;8;
82986;18/03/2015;1800;33.4;22.7;37;980.1;;;7;
82986;19/03/2015;0000;28.6;22.3;56;982.6;;;0;
82986;19/03/2015;1200;28;22.8;62;984.1;;;8;
82986;19/03/2015;1800;33;22.7;38;979.3;;;8;
82986;20/03/2015;0000;28;22.1;58;981;;;0;
82986;20/03/2015;1200;28.4;22.3;57;983.1;;;7;
82986;20/03/2015;1800;33.8;23.1;38;978.2;;;9;
82986;21/03/2015;0000;27.6;22.7;64;981.5;;;0;
82986;21/03/2015;1200;28.8;23.6;63;983.1;;;7;
82986;21/03/2015;1800;35.7;23.7;34;977.5;;;6;
82986;22/03/2015;0000;29.4;23.2;57;981.2;;;0;
82986;22/03/2015;1200;26.6;23.7;78;984.3;;;10;
82986;22/03/2015;1800;32.8;25;51;980.1;;;9;
82986;23/03/2015;0000;30.4;23.7;55;982.6;;;0;
82986;23/03/2015;1200;27.8;23.2;66;987;;;9;
82986;23/03/2015;1800;35.3;22.9;31;981.5;;;6;
82986;24/03/2015;0000;29.3;23;56;984.6;;;0;
82986;24/03/2015;1200;28.6;24.3;69;987.1;;;7;
82986;24/03/2015;1800;36.3;24.3;34;982;;;6;
82986;25/03/2015;0000;28.6;23.7;65;983.8;;;0;
82986;25/03/2015;1200;28.4;23.5;64;986;;;7;
82986;25/03/2015;1800;36;24.8;38;980.3;;;4;
82986;26/03/2015;0000;29.2;22.6;54;983.4;;;0;
82986;26/03/2015;1200;27.6;23.4;69;985.2;;;7;
82986;26/03/2015;1800;35.5;23.9;36;979.7;;;6;
82986;27/03/2015;0000;29.2;21.9;50;982.7;;;0;
82986;27/03/2015;1200;28.4;22.8;62;986.5;;;8;
82986;27/03/2015;1800;35.7;24.1;36;981.8;;;6;
82986;28/03/2015;0000;28.8;22.7;58;985.6;;;0;
82986;28/03/2015;1200;28.4;23;61;987.8;;;5;
82986;28/03/2015;1800;35.7;22.7;30;982.5;;;5;
82986;29/03/2015;0000;28.4;19.8;41;985.1;;;0;
82986;29/03/2015;1200;27.6;23.3;70;986.8;;;9;
82986;29/03/2015;1800;35.5;23.5;34;981.8;;;5;
82986;30/03/2015;0000;28.5;23.5;65;983.6;;;0;
82986;30/03/2015;1200;28.2;23.3;64;985.2;;;7;
82986;30/03/2015;1800;35.3;24.7;39;979.8;;;6;
82986;31/03/2015;0000;28.3;21.7;53;983.6;;;0;
82986;31/03/2015;1200;27.6;22.5;65;985.4;;;7;
82986;31/03/2015;1800;35.3;22.4;39;980.1;;;5;
82986;01/04/2015;0000;28;21.5;54;982.1;;;0;
82986;01/04/2015;1200;27.6;22.1;62;985.3;;;4;
82986;01/04/2015;1800;35.1;23.9;36;979.8;;;0;
82986;02/04/2015;0000;28.2;24.7;74;982.6;;;0;
82986;02/04/2015;1200;28.8;23.1;62;985.3;;;4;
82986;02/04/2015;1800;34.9;23.9;37;979.8;;;5;
82986;03/04/2015;0000;29.4;22.1;50;982.5;;;0;
82986;03/04/2015;1200;27.4;22;60;984.3;;;6;
82986;03/04/2015;1800;34.5;23.4;36;972.7;;;6;
82986;04/04/2015;0000;28.2;22.5;61;982.8;;;0;
82986;04/04/2015;1200;27.4;22.6;64;983.1;;;8;
82986;04/04/2015;1800;34.9;24.4;40;977.9;;;6;
82986;05/04/2015;0000;28.5;23.2;64;981.4;;;0;
82986;05/04/2015;1200;28.2;23.7;67;982.9;;;4;
82986;05/04/2015;1800;35.9;23.9;34;978.3;;;5;
82986;06/04/2015;0000;30.2;;66;980.2;;;5;
82986;06/04/2015;1200;29.4;24.7;66;983.1;;;4;
82986;06/04/2015;1800;35.5;24.3;38;977.3;;;3;
82986;07/04/2015;0000;30.6;25;62;980.2;;;7;
82986;07/04/2015;1200;29.4;24.5;65;982.7;;;6;
82986;07/04/2015;1800;33.9;25.7;50;978.6;;;3;
82986;08/04/2015;0000;30.6;24.8;61;980.5;;;3;
82986;08/04/2015;1200;26.4;24.3;83;984.4;;;9;
82986;08/04/2015;1800;29.6;24.7;67;979.6;;;6;
82986;09/04/2015;0000;27;23.7;75;983.8;;;4;
82986;09/04/2015;1200;28;23.9;71;984.4;;;7;
82986;09/04/2015;1800;34.7;23.5;36;981.6;;;7;
82986;10/04/2015;0000;28.8;23.9;67;983.8;;;0;
82986;10/04/2015;1200;28.6;23.7;67;985.1;;;7;
82986;10/04/2015;1800;34.9;24.2;39;981;;;5;
82986;11/04/2015;0000;28.4;23.7;67;984.6;;;4;
82986;11/04/2015;1200;28.2;23.9;70;985.7;;;8;
82986;11/04/2015;1800;26.8;24.3;66;984.9;;;7;
82986;12/04/2015;0000;28.4;22.4;57;985.3;;;7;
82986;12/04/2015;1200;26.6;22.3;68;986.3;;;7;
82986;12/04/2015;1800;31.8;24.1;51;982;;;7;
82986;13/04/2015;0000;27;23.3;65;984.4;;;2;
82986;13/04/2015;1200;28.4;23.7;67;986.8;;;6;
82986;13/04/2015;1800;34.8;23.1;34;982.2;;;4;
82986;14/04/2015;0000;27.6;23.9;73;985.2;;;5;
82986;14/04/2015;1200;28.2;23.5;67;986.4;;;7;
82986;14/04/2015;1800;34.5;23.5;36;981.6;;;8;
82986;15/04/2015;0000;27.2;23.5;72;985.3;;;5;
82986;15/04/2015;1200;28.8;24.5;69;985.3;;;7;
82986;15/04/2015;1800;35;23.3;34;984.6;;;6;
82986;16/04/2015;0000;27.8;22.7;65;983.6;;;0;
82986;16/04/2015;1200;28;22.7;64;985.8;;;5;
82986;16/04/2015;1800;35.3;22.7;30;980;;;4;
82986;17/04/2015;0000;28.6;23.1;62;982.6;;;0;
82986;17/04/2015;1200;27.8;22.5;64;985.3;;;4;
82986;17/04/2015;1800;35;24.1;38;981;;;4;
82986;18/04/2015;0000;28.5;23.1;63;983;;;0;
82986;18/04/2015;1200;28.2;22.7;62;985.5;;;6;
82986;18/04/2015;1800;34.9;24.4;40;979.7;;;4;
82986;19/04/2015;0000;28.2;;66;983.1;;;0;
82986;19/04/2015;1200;28;23.3;67;984;;;5;
82986;19/04/2015;1800;31.6;24.2;53;979.8;;;7;
82986;20/04/2015;0000;25.2;23.5;86;983.2;;;5;
82986;20/04/2015;1200;27.6;24.3;75;983.7;;;6;
82986;20/04/2015;1800;34.5;24.9;43;978.1;;;7;
82986;21/04/2015;0000;28;23.9;69;982.6;;;0;
82986;21/04/2015;1200;28.8;23.7;64;984.6;;;3;
82986;21/04/2015;1800;35;;39;980.1;;;7;
82986;22/04/2015;0000;29.8;;56;982.3;;;0;
82986;22/04/2015;1200;27.8;23.7;71;984.1;;;2;
82986;22/04/2015;1800;36.1;24.6;36;980;;;5;
82986;23/04/2015;0000;28.8;24.2;69;983.4;;;0;
82986;23/04/2015;1200;28.4;24.7;73;985;;;7;
82986;23/04/2015;1800;34.5;24.5;41;980.4;;;6;
82986;24/04/2015;0000;24.7;23.5;90;985.2;;;10;
82986;24/04/2015;1200;27.4;24.2;76;986.2;;;7;
82986;24/04/2015;1800;33;24.7;49;981.1;;;7;
82986;25/04/2015;0000;28.4;23.6;67;984.6;;;0;
82986;25/04/2015;1200;27.6;23.8;72;987;;;6;
82986;25/04/2015;1800;34.3;24.5;42;981.2;;;3;
82986;26/04/2015;0000;29.2;24.2;66;983.2;;;0;
82986;26/04/2015;1200;28;;75;984.9;;;6;
82986;26/04/2015;1800;34.3;23.3;36;980.1;;;5;
82986;27/04/2015;0000;29.2;24.3;67;982.9;;;0;
82986;27/04/2015;1200;27.4;23.7;72;985.4;;;6;
82986;27/04/2015;1800;34.3;24.1;40;980.1;;;8;
82986;28/04/2015;0000;27.8;23.7;71;983.2;;;0;
82986;28/04/2015;1200;27.6;22.6;65;985.1;;;3;
82986;28/04/2015;1800;33.7;23.7;41;979.2;;;4;
82986;29/04/2015;0000;28.4;24.4;72;982.8;;;0;
82986;29/04/2015;1200;27.4;23.3;71;984.6;;;5;
82986;29/04/2015;1800;33.5;24.3;45;980.1;;;4;
82986;30/04/2015;0000;28.6;;66;982.6;;;0;
82986;30/04/2015;1200;27.4;;76;984.2;;;5;
82986;30/04/2015;1800;34.3;;48;979.6;;;4;
82986;01/05/2015;0000;29;24.1;67;982.1;;;0;