--------------------
BDMEP - INMET
--------------------
Estação           : PONTA PORA - MS (OMM: 83702)
Latitude  (graus) : -22.55
Longitude (graus) : -55.71
Altitude  (metros): 650.00
Estação Operante
Inicio de operação: 24/11/1941
Periodo solicitado dos dados: 01/01/2015 a 28/02/2018
Os dados listados abaixo são os que encontram-se digitados no BDMEP
Hora em UTC
--------------------
Obs.: Os dados aparecem separados por ; (ponto e vírgula) no formato txt.
      Para o formato planilha XLS, siga as instruções
--------------------
Estacao;Data;Hora;TempBulboSeco;TempBulboUmido;UmidadeRelativa;PressaoAtmEstacao;DirecaoVento;VelocidadeVentoNebulosidade;
83702;01/01/2015;0000;24.8;22.5;81;933.2;5;2;0;
83702;01/01/2015;1200;26.9;23.1;73;935.8;5;2;10;
83702;01/01/2015;1800;30.5;23.7;55;933.2;36;6;8;
83702;02/01/2015;0000;24.8;22.7;83;933.6;5;2;0;
83702;02/01/2015;1200;20.4;20.3;99;939.2;23;5;10;
83702;02/01/2015;1800;26.3;22.1;69;937.5;32;3;10;
83702;03/01/2015;0000;23;21.7;89;937.2;5;1;8;
83702;03/01/2015;1200;22.8;21.3;87;940.5;5;2;10;
83702;03/01/2015;1800;30.9;24.1;56;938;32;4;8;
83702;04/01/2015;0000;27.3;23.5;72;938.5;23;1;3;
83702;04/01/2015;1200;26.3;23.9;81;941.1;23;2;9;
83702;04/01/2015;1800;22.6;21.9;94;940.1;0;0;10;
83702;05/01/2015;0000;21.6;21.5;99;939.3;5;1;3;
83702;05/01/2015;1200;21.4;20.7;94;940.3;5;4;10;
83702;05/01/2015;1800;26.9;23.1;73;939;32;4;10;
83702;06/01/2015;0000;26;22.9;76;937.4;5;1;3;
83702;06/01/2015;1200;26.5;23.5;77;938.5;5;5;5;
83702;06/01/2015;1800;31.3;24.3;55;937.1;32;4;10;
83702;07/01/2015;0000;22.8;22.3;96;936.7;5;1;3;
83702;07/01/2015;1200;27.1;22.7;68;938.3;5;5;0;
83702;07/01/2015;1800;32.3;24.1;50;936.7;5;3;10;
83702;08/01/2015;0000;24.2;22.9;89;936.2;5;1;3;
83702;08/01/2015;1200;28.3;24.5;71;939.1;5;2;0;
83702;08/01/2015;1800;33.1;23.7;44;936.7;32;4;7;
83702;09/01/2015;0000;23.8;22.1;86;936.3;9;1;10;
83702;09/01/2015;1200;25.4;22.7;79;939.8;5;3;4;
83702;09/01/2015;1800;26.5;23.7;79;937.9;5;2;10;
83702;10/01/2015;0000;22.4;21.1;89;938.1;5;3;4;
83702;10/01/2015;1200;26.5;20.9;58;940.5;36;2;10;
83702;10/01/2015;1800;32.1;23.7;48;937.8;5;2;8;
83702;11/01/2015;0000;28.1;23.3;66;938;36;1;0;
83702;11/01/2015;1200;26.9;24.3;80;938.7;5;3;10;
83702;11/01/2015;1800;33.9;27.1;58;938.2;32;3;10;
83702;12/01/2015;0000;26;21.7;67;937.1;9;1;3;
83702;12/01/2015;1200;28.3;24.3;71;939.6;5;1;9;
83702;12/01/2015;1800;24.8;23.1;87;937.8;32;3;9;
83702;13/01/2015;0000;25.4;21.9;73;937.6;0;0;9;
83702;13/01/2015;1200;24.6;21.5;75;938.3;5;3;10;
83702;13/01/2015;1800;31.3;23.3;49;936.5;5;2;10;
83702;14/01/2015;0000;24;20.7;74;936.1;5;2;0;
83702;14/01/2015;1200;28.7;24.5;70;939.1;36;3;10;
83702;14/01/2015;1800;22;21.9;99;937.4;14;3;10;
83702;15/01/2015;0000;21.8;21.1;94;938.4;5;3;0;
83702;15/01/2015;1200;24.6;22.3;81;940.5;5;4;10;
83702;15/01/2015;1800;27.1;22.9;69;939.3;32;8;10;
83702;16/01/2015;0000;23.4;21.3;82;939;14;1;3;
83702;16/01/2015;1200;25;23.1;85;940.8;18;1;8;
83702;16/01/2015;1800;31.9;27.1;67;937.4;32;3;8;
83702;17/01/2015;0000;27.9;25.1;78;937.9;36;1;0;
83702;17/01/2015;1200;28.5;24.3;70;939.1;5;1;9;
83702;17/01/2015;1800;31.3;23.3;49;938.6;32;5;9;
83702;18/01/2015;0000;28.7;23.5;64;936.7;0;0;1;
83702;18/01/2015;1200;25;23.6;89;940.5;32;3;10;
83702;18/01/2015;1800;20;19.9;99;938.2;32;2;10;
83702;19/01/2015;0000;22;21.9;99;938;32;1;10;
83702;19/01/2015;1200;25.6;22.9;78;940.5;5;1;4;
83702;19/01/2015;1800;32.5;24.5;51;937.5;36;2;10;
83702;20/01/2015;0000;27.9;21.3;54;937.1;27;1;0;
83702;20/01/2015;1200;29.9;25.1;67;938.7;23;1;10;
83702;20/01/2015;1800;26;24.1;85;938.1;32;1;10;
83702;21/01/2015;0000;23;21.1;84;940.1;32;1;0;
83702;21/01/2015;1200;24.4;22.3;82;939.5;5;1;10;
83702;21/01/2015;1800;29.5;24.7;67;939.2;23;4;10;
83702;22/01/2015;0000;25.2;22.1;77;938.9;18;1;0;
83702;22/01/2015;1200;26;24.1;85;941;32;1;10;
83702;22/01/2015;1800;31.9;26.1;62;937.8;32;1;10;
83702;23/01/2015;0000;24;22.1;84;938.2;32;1;0;
83702;23/01/2015;1200;24.6;22.3;81;940.2;5;2;2;
83702;23/01/2015;1800;31.3;25.1;60;937.4;5;2;10;
83702;24/01/2015;0000;26;24.1;85;936.7;5;1;0;
83702;24/01/2015;1200;26;23.1;77;939;32;2;10;
83702;24/01/2015;1800;29.9;25.1;68;936.6;32;3;10;
83702;25/01/2015;0000;23.5;21.1;80;936.1;32;2;0;
83702;25/01/2015;1200;25.2;21.9;75;936.9;5;1;9;
83702;25/01/2015;1800;27.7;23.3;69;936.5;32;3;10;
83702;26/01/2015;0000;23;20.9;82;936;23;1;10;
83702;26/01/2015;1200;22;21.1;90;938.3;23;2;10;
83702;26/01/2015;1800;26.9;24.1;79;937;23;2;10;
83702;27/01/2015;0000;23;21.1;84;936.5;23;1;10;
83702;27/01/2015;1200;21;20.9;99;938.7;5;5;10;
83702;27/01/2015;1800;21.8;21.5;97;935.9;32;4;10;
83702;28/01/2015;0000;21.2;21.1;99;935.1;5;2;10;
83702;28/01/2015;1200;22;21.1;91;937.6;5;3;10;
83702;28/01/2015;1800;22;21.9;99;937;5;3;10;
83702;29/01/2015;0000;22;21.9;99;936.3;5;3;10;
83702;29/01/2015;1200;23.2;22.1;90;937;32;4;10;
83702;29/01/2015;1800;23;21.9;90;936.5;32;4;10;
83702;30/01/2015;0000;21.8;20.7;91;937.1;23;3;10;
83702;30/01/2015;1200;23;22.1;91;939;18;3;10;
83702;30/01/2015;1800;29.2;26.1;78;937.6;18;4;10;
83702;31/01/2015;0000;22.2;21.4;91;938.2;32;2;10;
83702;31/01/2015;1200;24.8;23.3;88;940.6;5;3;3;
83702;31/01/2015;1800;30.7;24.9;61;938.1;5;3;6;
83702;01/02/2015;0000;26.5;24.1;81;937.9;5;1;3;
83702;01/02/2015;1200;27.1;24.6;80;940.2;5;2;10;
83702;01/02/2015;1800;26.9;25.1;84;938.8;5;2;10;
83702;02/02/2015;0000;26.4;25.1;88;937.9;5;2;0;
83702;02/02/2015;1200;28.7;23.9;66;938.5;5;2;0;
83702;02/02/2015;1800;34.1;23.9;42;937.3;32;4;3;
83702;03/02/2015;0000;25.8;24.9;92;937.5;5;1;7;
83702;03/02/2015;1200;27;25.1;84;937.9;5;3;10;
83702;03/02/2015;1800;32.9;30.1;80;934.2;5;3;10;
83702;04/02/2015;0000;23;22.1;91;935.7;5;4;10;
83702;04/02/2015;1200;22.8;21.5;89;935.4;5;2;10;
83702;04/02/2015;1800;29.5;25.3;71;932;32;2;8;
83702;05/02/2015;0000;22;21.1;92;932.6;5;4;10;
83702;05/02/2015;1200;25;23.1;84;934.9;5;3;10;
83702;05/02/2015;1800;29;26.1;79;932.3;14;4;10;
83702;06/02/2015;0000;20;19.9;99;932.4;14;3;10;
83702;06/02/2015;1200;25.3;22.3;77;928.9;23;2;2;
83702;06/02/2015;1800;29.9;23.1;55;931.9;32;4;10;
83702;07/02/2015;0000;24.8;21.5;74;932.2;14;1;0;
83702;07/02/2015;1200;26;24.1;84;933.8;14;4;5;
83702;07/02/2015;1800;29.9;25.6;71;933.1;14;3;10;
83702;08/02/2015;0000;26;21.3;65;931.9;18;1;0;
83702;08/02/2015;1200;26.9;22.3;67;934.4;5;2;3;
83702;08/02/2015;1800;31.9;27.1;68;933.7;5;3;10;
83702;09/02/2015;0000;26.9;22.7;70;932.2;5;1;1;
83702;09/02/2015;1200;27.9;25.1;79;934.1;5;3;2;
83702;09/02/2015;1800;29.2;26.1;77;933.5;5;2;10;
83702;10/02/2015;0000;24;21.1;76;934.5;5;2;0;
83702;10/02/2015;1200;25;22.7;82;935.9;36;4;8;
83702;10/02/2015;1800;32.5;24.7;52;934;5;3;10;
83702;11/02/2015;0000;25.4;22.9;80;935.3;5;2;9;
83702;11/02/2015;1200;25;24.1;91;939.6;5;3;0;
83702;11/02/2015;1800;30;27.3;81;938.8;9;3;10;
83702;12/02/2015;0000;25;23.1;84;938.4;14;3;10;
83702;12/02/2015;1200;24;23.3;94;939.4;36;1;10;
83702;12/02/2015;1800;30.1;23.5;56;937;36;2;10;
83702;13/02/2015;0000;26.7;23.7;78;938.8;0;0;0;
83702;13/02/2015;1200;24.5;22.1;80;941.6;14;3;10;
83702;13/02/2015;1800;22;21.5;95;939.4;14;3;10;
83702;14/02/2015;0000;22.2;21.4;92;941;14;3;0;
83702;14/02/2015;1200;22.8;22.1;94;940.6;5;2;10;
83702;14/02/2015;1800;25.4;22.7;80;938;5;2;10;
83702;15/02/2015;0000;24.4;23.3;91;937.8;18;2;10;
83702;15/02/2015;1200;24;22.1;84;939;18;3;10;
83702;15/02/2015;1800;28.9;26.1;71;936.5;18;3;10;
83702;16/02/2015;0000;23;21.1;83;936.6;18;3;10;
83702;16/02/2015;1200;24;22.1;84;936.8;36;3;10;
83702;16/02/2015;1800;22;21.9;99;936;36;3;10;
83702;17/02/2015;0000;20.2;20.1;99;936.3;36;3;10;
83702;17/02/2015;1200;21;21;99;937.1;32;2;10;
83702;17/02/2015;1800;27;25.1;84;933.8;32;3;10;
83702;18/02/2015;0000;21.2;21.1;99;936;32;3;10;
83702;18/02/2015;1200;22.3;22.2;99;934.6;32;3;10;
83702;18/02/2015;1800;28.1;25.1;77;931.7;32;3;10;
83702;19/02/2015;0000;25;23.1;85;931.9;32;2;10;
83702;19/02/2015;1200;22;21.9;99;933.8;32;3;10;
83702;19/02/2015;1800;21;20.9;99;933.4;32;2;10;
83702;20/02/2015;0000;20;19.9;99;935.7;32;3;0;
83702;20/02/2015;1200;20;19.9;99;937.2;14;3;10;
83702;20/02/2015;1800;26;24.1;84;938.1;14;3;10;
83702;21/02/2015;0000;23;22;90;938.7;14;2;10;
83702;21/02/2015;1200;21;21;99;939.4;23;3;10;
83702;21/02/2015;1800;29.9;26.1;73;938;23;3;10;
83702;22/02/2015;0000;24;23.1;91;940.4;23;3;0;
83702;22/02/2015;1200;22.7;21.6;89;941.6;23;3;10;
83702;22/02/2015;1800;31.9;29.1;79;934.1;23;3;10;
83702;23/02/2015;0000;25;24.1;91;936;36;3;0;
83702;23/02/2015;1200;26.9;26.1;92;941.4;36;3;0;
83702;23/02/2015;1800;30.9;30.8;99;933.8;36;3;10;
83702;24/02/2015;0000;25;24.9;99;935.2;36;3;0;
83702;24/02/2015;1200;21;20.9;99;939.5;23;2;10;
83702;24/02/2015;1800;31.9;27.1;67;938.4;23;3;10;
83702;25/02/2015;0000;24;23.1;92;938.6;23;3;10;
83702;25/02/2015;1200;22.8;21.1;86;939.4;5;4;3;
83702;25/02/2015;1800;31.7;24.5;54;937.4;36;3;10;
83702;26/02/2015;0000;26.5;23.3;76;937.4;5;1;0;
83702;26/02/2015;1200;25;23.3;86;939.3;5;2;0;
83702;26/02/2015;1800;28.4;25.1;75;938;5;3;10;
83702;27/02/2015;0000;24;23.1;91;937.1;5;2;0;
83702;27/02/2015;1200;26.5;25.1;89;937.9;32;2;2;
83702;27/02/2015;1800;21;20.7;97;937.2;32;3;10;
83702;28/02/2015;0000;21.6;20.9;94;937.3;32;1;7;
83702;28/02/2015;1200;25;23.1;84;937.5;32;2;3;
83702;28/02/2015;1800;28.1;26.1;83;938.4;32;3;8;
83702;01/03/2015;0000;25;24.1;92;939.1;32;3;0;
83702;01/03/2015;1200;23.6;21.1;79;939.5;5;3;3;
83702;01/03/2015;1800;30.9;24.1;56;939.7;5;3;8;
83702;02/03/2015;0000;26.1;22.9;75;937.2;5;1;3;
83702;02/03/2015;1200;25;23.1;80;940;5;2;3;
83702;02/03/2015;1800;32.4;27.1;66;938.7;5;2;10;
83702;03/03/2015;0000;26;24.3;83;937.1;32;3;0;
83702;03/03/2015;1200;24.6;21.7;78;937;5;2;4;
83702;03/03/2015;1800;30.7;23.5;53;935.9;5;2;10;
83702;04/03/2015;0000;26;22.9;76;935.7;5;2;5;
83702;04/03/2015;1200;24.2;23.1;88;938.1;36;3;7;
83702;04/03/2015;1800;30.1;23.9;58;936.4;32;6;10;
83702;05/03/2015;0000;26.1;24.9;88;938.5;32;3;10;
83702;05/03/2015;1200;24;22.9;90;939.2;5;2;2;
83702;05/03/2015;1800;26;23.5;80;936.9;14;1;10;
83702;06/03/2015;0000;23.4;22.2;90;936.5;5;1;7;
83702;06/03/2015;1200;22.2;22.1;99;938.8;32;2;3;
83702;06/03/2015;1800;21;20.9;99;936.9;32;3;10;
83702;07/03/2015;0000;21;20.9;99;936;32;3;10;
83702;07/03/2015;1200;24.4;23.1;89;938;32;1;8;
83702;07/03/2015;1800;29.7;24.3;62;934.5;32;2;7;
83702;08/03/2015;0000;25.4;23.7;87;935.3;23;1;4;
83702;08/03/2015;1200;25.6;23.7;85;935.6;32;4;10;
83702;08/03/2015;1800;27.5;23.5;71;934.7;27;4;10;
83702;09/03/2015;0000;23;21.1;80;935.8;32;3;10;
83702;09/03/2015;1200;22.4;21.3;90;936.4;32;3;10;
83702;09/03/2015;1800;27.9;23.1;67;934.7;18;3;8;
83702;10/03/2015;0000;23.8;21.7;83;934.6;23;1;0;
83702;10/03/2015;1200;25;23.1;80;937.6;23;3;6;
83702;10/03/2015;1800;31.9;27.1;62;934.7;23;2;5;
83702;11/03/2015;0000;25.6;23.1;74;935.5;23;2;0;
83702;11/03/2015;1200;26;21.9;69;935.5;32;2;0;
83702;11/03/2015;1800;29.3;22.5;54;933.2;23;3;8;
83702;12/03/2015;0000;25;23.1;80;936.3;23;2;0;
83702;12/03/2015;1200;25.5;23.1;75;935.8;23;3;0;
83702;12/03/2015;1800;31.4;27.1;71;933.5;23;3;8;
83702;13/03/2015;0000;25;23.1;85;934.5;23;2;0;
83702;13/03/2015;1200;23.8;21.3;79;934.7;5;1;8;
83702;13/03/2015;1800;27.9;21.7;57;934;5;3;10;
83702;14/03/2015;0000;21.4;19.5;83;935.2;5;1;0;
83702;14/03/2015;1200;24.2;22.6;84;938;23;2;0;
83702;14/03/2015;1800;25;22.4;74;936;23;3;9;
83702;15/03/2015;0000;22;20.1;80;938.2;36;3;0;
83702;15/03/2015;1200;24.4;24.3;99;937.6;5;3;0;
83702;15/03/2015;1800;23.8;21.1;79;935.6;23;2;10;
83702;16/03/2015;0000;23;21.1;80;937.8;23;3;0;
83702;16/03/2015;1200;24.5;22.2;82;938.8;5;2;0;
83702;16/03/2015;1800;29.9;26.6;77;937.5;5;3;10;
83702;17/03/2015;0000;26;24.1;85;937.8;5;2;0;
83702;17/03/2015;1200;25.2;22.7;80;938.2;5;2;0;
83702;17/03/2015;1800;32.9;24.9;51;937.8;5;1;10;
83702;18/03/2015;0000;23.8;21.1;78;936.8;23;2;10;
83702;18/03/2015;1200;25;23.1;80;939.6;23;3;0;
83702;18/03/2015;1800;30.9;25.9;65;937.3;23;3;10;
83702;19/03/2015;0000;25;23.1;80;938.6;23;3;0;
83702;19/03/2015;1200;22.8;20.7;83;939.7;5;2;0;
83702;19/03/2015;1800;30.1;22.7;51;937.8;14;2;10;
83702;20/03/2015;0000;24.2;20.7;73;937.1;14;1;0;
83702;20/03/2015;1200;21;20.9;99;938;14;3;10;
83702;20/03/2015;1800;26.9;24.1;78;937;14;3;10;
83702;21/03/2015;0000;24;22.1;85;938.4;14;2;0;
83702;21/03/2015;1200;24.4;21.7;79;936.7;14;1;6;
83702;21/03/2015;1800;29.9;22.5;51;935.3;20;2;10;
83702;22/03/2015;0000;25;21.5;72;935.3;10;1;1;
83702;22/03/2015;1200;21;20.1;91;940.2;14;3;2;
83702;22/03/2015;1800;28.5;21.9;53;937.3;23;4;8;
83702;23/03/2015;0000;21;19.1;80;938.1;23;3;0;
83702;23/03/2015;1200;19.6;17.1;77;940.4;9;1;7;
83702;23/03/2015;1800;29.5;20.1;40;938.4;27;3;6;
83702;24/03/2015;0000;23;18.5;64;940;23;2;0;
83702;24/03/2015;1200;22;20.1;80;942.1;23;3;0;
83702;24/03/2015;1800;30.9;27.1;72;939.3;23;3;0;
83702;25/03/2015;0000;25;21.1;70;940.4;23;2;0;
83702;25/03/2015;1200;22.2;19.3;75;941.8;5;4;8;
83702;25/03/2015;1800;30.1;22.7;51;938.7;5;2;10;
83702;26/03/2015;0000;24.4;21.5;76;939.1;5;1;0;
83702;26/03/2015;1200;24;22.2;86;939.2;23;3;10;
83702;26/03/2015;1800;27.9;25.1;80;936.4;23;3;10;
83702;27/03/2015;0000;21;20.9;99;938.7;23;3;10;
83702;27/03/2015;1200;21;20.9;99;940.5;5;2;10;
83702;27/03/2015;1800;20;19.9;99;940;32;3;10;
83702;28/03/2015;0000;24;20.9;99;941.3;23;3;10;
83702;28/03/2015;1200;21;20.8;98;943.5;32;2;10;
83702;28/03/2015;1800;25.5;23.3;77;941.4;32;3;10;
83702;29/03/2015;0000;21.8;21.7;98;941.6;32;2;10;
83702;29/03/2015;1200;20.6;20.5;99;940.1;23;1;10;
83702;29/03/2015;1800;26.3;24.1;82;939.3;23;3;10;
83702;30/03/2015;0000;21.6;20.9;94;938.2;23;2;8;
83702;30/03/2015;1200;22;20.3;85;938.9;18;3;0;
83702;30/03/2015;1800;27.9;25.1;80;937.7;18;3;0;
83702;31/03/2015;0000;23;21.2;85;939.4;18;3;0;
83702;31/03/2015;1200;23;20.7;81;939.2;5;3;3;
83702;31/03/2015;1800;17.6;17.5;99;938.1;23;2;10;
83702;01/04/2015;0000;18;17.9;99;939;14;1;1;
83702;01/04/2015;1200;20;18.3;84;940.8;14;1;10;
83702;01/04/2015;1800;26.9;25.1;81;939.4;14;3;8;
83702;02/04/2015;0000;22;18.4;70;941.6;14;3;0;
83702;02/04/2015;1200;22.2;19.3;76;941.2;5;1;10;
83702;02/04/2015;1800;28.3;22.5;59;938.4;14;1;8;
83702;03/04/2015;0000;24;21.3;77;936.8;5;1;8;
83702;03/04/2015;1200;24;22.1;80;939;5;3;6;
83702;03/04/2015;1800;27.4;26.3;88;935.8;5;3;3;
83702;04/04/2015;0000;23.5;23.4;99;936.8;5;3;0;
83702;04/04/2015;1200;24;22.3;85;935.4;5;2;10;
83702;04/04/2015;1800;27.5;24.1;75;929.7;5;2;10;
83702;05/04/2015;0000;21.4;20.1;88;931.2;5;2;10;
83702;05/04/2015;1200;21.5;21.4;99;939.8;5;3;10;
83702;05/04/2015;1800;24.5;24.1;96;935;5;4;10;
83702;06/04/2015;0000;20;19.9;99;935.2;5;4;0;
83702;06/04/2015;1200;17.8;17.3;95;938.7;18;2;10;
83702;06/04/2015;1800;23.4;19.1;66;937;23;4;10;
83702;07/04/2015;0000;19.8;18.1;84;938.6;23;1;4;
83702;07/04/2015;1200;20;19.9;99;941;23;2;5;
83702;07/04/2015;1800;25.5;24.4;92;937;23;3;10;
83702;08/04/2015;0000;19.5;19.4;99;937.4;23;3;0;
83702;08/04/2015;1200;19.4;17.7;84;940.8;5;4;10;
83702;08/04/2015;1800;26.9;21.9;64;938.2;5;2;10;
83702;09/04/2015;0000;21.8;19.5;80;938.3;5;1;0;
83702;09/04/2015;1200;21;20.1;90;941.7;5;3;0;
83702;09/04/2015;1800;28.4;26.1;83;939.8;5;3;0;
83702;10/04/2015;0000;24;23.1;91;941.3;5;3;0;
83702;10/04/2015;1200;22;19.7;80;941.9;5;2;10;
83702;10/04/2015;1800;28.3;22.7;61;939.7;5;1;10;
83702;11/04/2015;0000;23.6;21.1;79;941;5;1;0;
83702;11/04/2015;1200;24.2;22.1;78;942.4;5;3;0;
83702;11/04/2015;1800;28.9;24.1;65;939.9;5;3;0;
83702;12/04/2015;0000;23.8;21.1;78;940.3;5;1;1;
83702;12/04/2015;1200;25;21.3;71;939.7;5;1;5;
83702;12/04/2015;1800;28.9;22.5;56;939;5;2;10;
83702;13/04/2015;0000;24.4;21.3;75;939.2;5;1;0;
83702;13/04/2015;1200;23;22.1;90;941.1;5;2;10;
83702;13/04/2015;1800;25;24.1;90;938.8;5;3;10;
83702;14/04/2015;0000;23.2;21.3;83;939.3;5;2;7;
83702;14/04/2015;1200;23.4;21.1;81;938.9;5;3;3;
83702;14/04/2015;1800;30.3;23.7;56;935.9;5;2;10;
83702;15/04/2015;0000;25;23.3;84;937.3;5;2;3;
83702;15/04/2015;1200;22;21.9;99;939;5;2;10;
83702;15/04/2015;1800;25.5;24.3;87;938.4;5;3;10;
83702;16/04/2015;0000;18.7;18.7;99;938;5;3;10;
83702;16/04/2015;1200;21.2;20.9;97;938;5;2;10;
83702;16/04/2015;1800;26;24.3;83;936.9;5;2;10;
83702;17/04/2015;0000;22;21.5;95;936.6;5;1;0;
83702;17/04/2015;1200;22.2;22.1;99;940.1;5;3;10;
83702;17/04/2015;1800;26.9;22.7;70;936;5;2;10;
83702;18/04/2015;0000;22;21.4;92;939.5;5;2;10;
83702;18/04/2015;1200;18;17.9;99;940.4;5;2;10;
83702;18/04/2015;1800;20.4;20.1;97;927.5;14;3;10;
83702;19/04/2015;0000;20;19.9;99;937.6;14;2;10;
83702;19/04/2015;1200;20;19.9;99;936.8;14;3;10;
83702;19/04/2015;1800;26.9;23.3;74;933.8;14;2;10;
83702;20/04/2015;0000;22;21.9;99;936.6;14;2;10;
83702;20/04/2015;1200;24;23.2;90;937.7;14;3;10;
83702;20/04/2015;1800;28.9;25.1;72;935;14;4;10;
83702;21/04/2015;0000;25;23.9;88;937;5;3;10;
83702;21/04/2015;1200;24;22.3;85;938.5;32;4;10;
83702;21/04/2015;1800;26.7;23.7;78;936;32;4;10;
83702;22/04/2015;0000;23.2;22.5;94;937.2;27;4;10;
83702;22/04/2015;1200;20.4;20.3;99;940;23;2;10;
83702;22/04/2015;1800;27.1;22.3;63;938.7;14;3;8;
83702;23/04/2015;0000;19.6;19.3;97;939.6;23;1;0;
83702;23/04/2015;1200;19;18.9;99;937;23;2;4;
83702;23/04/2015;1800;26.9;25.1;82;935.6;23;2;0;
83702;24/04/2015;0000;21;19.9;88;937.5;23;3;0;
83702;24/04/2015;1200;20.8;19.5;88;942.5;14;2;2;
83702;24/04/2015;1800;29.9;27.3;82;941.6;14;3;5;
83702;25/04/2015;0000;22;20.5;85;943.8;14;2;5;
83702;25/04/2015;1200;21;20.9;99;944.8;14;2;0;
83702;25/04/2015;1800;28.9;25.1;72;935.6;14;3;0;
83702;26/04/2015;0000;23.5;20.9;79;941.2;23;2;0;
83702;26/04/2015;1200;20;19.9;99;937.2;14;3;0;
83702;26/04/2015;1800;27.9;25.6;83;934.6;14;2;6;
83702;27/04/2015;0000;20.8;19.3;86;940.4;5;2;0;
83702;27/04/2015;1200;19.2;19.1;99;936.6;14;3;0;
83702;27/04/2015;1800;27.9;25.1;80;938.1;14;2;0;
83702;28/04/2015;0000;21;20.9;99;940;14;3;0;
83702;28/04/2015;1200;19;17.7;87;940.7;5;1;10;
83702;28/04/2015;1800;26.3;20.5;58;938.4;5;2;10;
83702;29/04/2015;0000;21.8;19.5;80;939.3;14;2;10;
83702;29/04/2015;1200;20;19.9;99;940.7;14;3;0;
83702;29/04/2015;1800;28.9;26.1;79;938.2;14;3;0;
83702;30/04/2015;0000;20.5;20.1;96;938.8;14;2;0;
83702;30/04/2015;1200;18.8;17.3;85;941.8;5;4;0;
83702;30/04/2015;1800;27.1;21.7;60;938;5;2;3;
83702;01/05/2015;0000;20.6;18.5;81;939.4;5;3;0;
83702;01/05/2015;1200;18;17.3;92;940.5;5;3;0;
83702;01/05/2015;1800;26.1;22.1;60;937.2;5;3;0;
83702;02/05/2015;0000;19;18.3;92;938.2;5;3;0;
83702;02/05/2015;1200;18.4;16.3;79;937.1;5;3;0;
83702;02/05/2015;1800;28.5;20.9;48;937;5;3;5;
83702;03/05/2015;0000;22.8;18.7;67;934.1;5;2;0;
83702;03/05/2015;1200;22.2;22.1;99;935.3;5;3;4;
83702;03/05/2015;1800;25;23.1;80;931;5;4;10;
83702;04/05/2015;0000;17;17;99;935.3;5;3;10;
83702;04/05/2015;1200;16;15.9;99;938.4;14;4;10;
83702;04/05/2015;1800;20;17.3;76;938.6;18;4;10;
83702;05/05/2015;0000;18.2;16.7;85;941;23;2;8;
83702;05/05/2015;1200;17;15.3;82;941.8;23;2;0;
83702;05/05/2015;1800;25.4;22.1;67;939;14;2;0;
83702;06/05/2015;0000;19;17.1;80;940.6;14;2;0;
83702;06/05/2015;1200;18.8;17.7;89;941.5;5;2;8;
83702;06/05/2015;1800;23.8;20.1;71;941;5;1;10;
83702;07/05/2015;0000;20.4;18.7;85;940.8;23;2;0;
83702;07/05/2015;1200;18;15.1;70;942.8;23;2;0;
83702;07/05/2015;1800;26.1;25.1;93;939.4;23;3;10;
83702;08/05/2015;0000;20;19.9;99;941.3;23;2;0;
83702;08/05/2015;1200;16.4;16.3;99;940.9;5;3;10;
83702;08/05/2015;1800;19.8;17.7;81;940.8;5;4;10;
83702;09/05/2015;0000;18;17.3;93;941.4;5;3;5;
83702;09/05/2015;1200;17;16.9;99;941.8;5;3;10;
83702;09/05/2015;1800;22;20.2;80;938.6;5;3;10;
83702;10/05/2015;0000;20;19.9;99;938.7;5;3;0;
83702;10/05/2015;1200;18.2;18.1;99;938.8;23;2;10;
83702;10/05/2015;1800;17.4;17.3;99;936;5;2;10;
83702;11/05/2015;0000;17.8;17.7;99;938.4;23;2;10;
83702;11/05/2015;1200;15;15.1;99;942.5;23;2;10;
83702;11/05/2015;1800;18;17.3;92;940.5;23;3;10;
83702;12/05/2015;0000;15;14.9;90;942;23;2;10;
83702;12/05/2015;1200;14.4;13.7;92;942.2;5;1;3;
83702;12/05/2015;1800;21.8;16.9;59;939.2;23;2;4;
83702;13/05/2015;0000;15;13.4;83;941.4;5;1;0;
83702;13/05/2015;1200;15;14.9;99;942;5;2;0;
83702;13/05/2015;1800;23.5;21.8;82;941.3;5;2;5;
83702;14/05/2015;0000;16.2;15.1;88;942.7;5;2;0;
83702;14/05/2015;1200;14.6;14.5;99;942;5;4;10;
83702;14/05/2015;1800;20.8;17.9;74;941.2;9;2;10;
83702;15/05/2015;0000;16.6;16.1;95;941.1;5;4;5;
83702;15/05/2015;1200;16.2;16.1;99;941.6;5;3;0;
83702;15/05/2015;1800;26;25.1;93;939.3;5;2;0;
83702;16/05/2015;0000;20;19.9;99;942.2;5;2;0;
83702;16/05/2015;1200;19.2;19.1;99;942.5;5;2;10;
83702;16/05/2015;1800;23.2;21.5;85;942.3;5;3;10;
83702;17/05/2015;0000;18.5;18.4;99;945.2;5;2;10;
83702;17/05/2015;1200;18.2;18.1;99;944.7;5;2;10;
83702;17/05/2015;1800;20;19.9;99;942.8;5;2;10;
83702;18/05/2015;0000;21;20.9;99;939.6;5;2;10;
83702;18/05/2015;1200;17.2;17.1;99;945.8;5;1;10;
83702;18/05/2015;1800;20;19.1;92;943.5;5;1;10;
83702;19/05/2015;0000;16.8;16.5;97;944.2;5;1;4;
83702;19/05/2015;1200;17;16.9;99;944.7;5;2;10;
83702;19/05/2015;1800;25;23.1;80;942.4;5;2;10;
83702;20/05/2015;0000;20;19.9;99;943;5;2;10;
83702;20/05/2015;1200;17.2;16.7;95;942.3;5;1;10;
83702;20/05/2015;1800;25;23.3;82;940;5;2;10;
83702;21/05/2015;0000;20;18.6;85;941.6;5;2;0;
83702;21/05/2015;1200;18.2;17.9;97;942.3;5;4;10;
83702;21/05/2015;1800;25.6;21.3;67;940.5;5;4;3;
83702;22/05/2015;1200;17.8;17.7;99;941.9;5;4;10;
83702;22/05/2015;1800;27.1;22.5;66;943.9;5;4;10;
83702;23/05/2015;0000;21.8;20.5;89;939.4;5;3;0;
83702;23/05/2015;1200;21;20.1;91;940.4;5;2;9;
83702;23/05/2015;1800;28.1;25.3;78;937;5;3;10;
83702;24/05/2015;0000;23;21.1;80;938;5;2;0;
83702;24/05/2015;1200;24.2;22.1;83;938.7;5;4;10;
83702;24/05/2015;1800;27.9;23.1;67;936.2;5;2;10;
83702;25/05/2015;0000;22;21.5;95;937.8;5;2;9;
83702;25/05/2015;1200;24;23.7;97;939.1;5;3;10;
83702;25/05/2015;1800;25;23.1;80;937.8;5;3;10;
83702;26/05/2015;0000;23;22.9;99;939.3;5;3;10;
83702;26/05/2015;1200;20.6;20.1;96;940.9;5;1;3;
83702;26/05/2015;1800;27.7;23.1;68;938.1;36;2;10;
83702;27/05/2015;0000;21;20.1;92;938.5;5;1;9;
83702;27/05/2015;1200;17;17;99;940.5;5;2;10;
83702;27/05/2015;1800;20;19.9;99;938.2;5;3;10;
83702;28/05/2015;0000;17;16.9;99;941.6;5;3;10;
83702;28/05/2015;1200;14.2;14.1;99;942.4;23;2;10;
83702;28/05/2015;1800;15.8;15.5;97;940.9;18;4;10;
83702;29/05/2015;0000;13.8;13.1;92;941.5;18;2;10;
83702;29/05/2015;1200;12;11.9;99;938.6;18;2;10;
83702;29/05/2015;1800;21;19.9;88;937.4;18;2;10;
83702;30/05/2015;0000;14;13.9;99;937.9;18;2;10;
83702;30/05/2015;1200;14.2;13.7;94;937.1;5;3;10;
83702;30/05/2015;1800;16;15.9;99;936.5;5;3;10;
83702;31/05/2015;0000;15;14.9;99;936.9;5;4;10;
83702;31/05/2015;1200;16;15.9;99;939.9;5;3;10;
83702;31/05/2015;1800;20;19.9;99;940.4;5;2;10;
83702;01/06/2015;0000;16.5;16.4;99;942.7;5;2;10;
83702;01/06/2015;1200;16.2;16.1;99;942.6;14;6;10;
83702;01/06/2015;1800;19.8;18.9;92;941;5;2;10;
83702;02/06/2015;0000;17.8;17.7;99;941.4;9;4;10;
83702;02/06/2015;1200;18;17.9;99;942;9;3;10;
83702;02/06/2015;1800;19;18.9;99;940.8;9;2;10;
83702;03/06/2015;0000;18;17.9;99;941.2;9;2;10;
83702;03/06/2015;1200;16.4;16.3;99;940.7;5;4;10;
83702;03/06/2015;1800;23.8;20.9;77;939.4;5;4;3;
83702;04/06/2015;0000;18.6;18.3;97;941.7;5;2;10;
83702;04/06/2015;1200;18;17.9;99;944.7;5;2;7;
83702;04/06/2015;1800;26;25.9;99;942.8;5;3;9;
83702;05/06/2015;0000;20;20;99;943.8;5;2;0;
83702;05/06/2015;1200;16.8;16.5;97;943.1;5;3;0;
83702;05/06/2015;1800;26;20.1;57;940;5;3;0;
83702;06/06/2015;0000;28.1;27.1;91;940.7;5;2;0;
83702;06/06/2015;1200;19;18.9;99;938.6;5;3;0;
83702;06/06/2015;1800;27.9;25.1;80;939.1;5;3;0;
83702;07/06/2015;0000;20;19.9;99;938.8;5;2;0;
83702;07/06/2015;1200;20.8;20.5;97;941.6;5;1;0;
83702;07/06/2015;1800;28.5;21.1;50;939;5;2;5;
83702;08/06/2015;0000;20;17.9;80;940.9;5;2;0;
83702;08/06/2015;1200;20;19.9;99;941.3;5;2;0;
83702;08/06/2015;1800;28.9;26.1;79;938.4;5;2;5;
83702;09/06/2015;0000;21;20.9;99;940.1;5;2;0;
83702;09/06/2015;1200;17.4;16.1;87;939.6;5;2;0;
83702;09/06/2015;1800;28.7;19.3;37;937.5;5;4;7;
83702;10/06/2015;0000;20.8;17.9;75;938.4;5;2;0;
83702;10/06/2015;1200;20;19.9;99;940.4;5;2;0;
83702;10/06/2015;1800;28.1;28.1;98;937.9;5;3;9;
83702;11/06/2015;0000;21;20.9;99;939.8;5;3;0;
83702;11/06/2015;1200;22.2;20.3;83;939.8;36;2;2;
83702;11/06/2015;1800;28.5;26.7;87;943.7;32;4;10;
83702;12/06/2015;0000;23;22.9;99;941;32;3;10;
83702;12/06/2015;1200;20;19.9;99;940.2;5;3;10;
83702;12/06/2015;1800;24;23.1;91;937.2;5;2;10;
83702;13/06/2015;0000;21;20.9;99;938.7;5;3;10;
83702;13/06/2015;1200;20.8;20.5;97;938.5;5;2;8;
83702;13/06/2015;1800;27.9;21.5;55;934.5;36;4;5;
83702;14/06/2015;0000;21.4;19.3;81;935.1;5;2;0;
83702;14/06/2015;1200;22;21.9;99;936.2;5;3;10;
83702;14/06/2015;1800;25;24.9;100;932.9;5;3;10;
83702;15/06/2015;0000;20;19.9;99;936.3;5;3;10;
83702;15/06/2015;1200;12;11.9;99;942.2;5;4;10;
83702;15/06/2015;1800;15.8;10.1;44;942.5;14;4;10;
83702;16/06/2015;0000;12.2;8.3;56;943.2;14;4;1;
83702;16/06/2015;1200;10.5;10.4;99;941.4;14;3;10;
83702;16/06/2015;1800;16;15.9;99;938.2;14;3;10;
83702;17/06/2015;0000;15;14.9;99;938.8;14;2;0;
83702;17/06/2015;1200;14;13.9;99;941.9;5;3;10;
83702;17/06/2015;1800;27.9;21.7;57;937.5;5;4;4;
83702;18/06/2015;0000;21.8;19.7;82;938.2;5;2;0;
83702;18/06/2015;1200;16;16;99;942.4;5;3;10;
83702;18/06/2015;1800;13;13;99;942.2;5;3;10;
83702;19/06/2015;0000;13;13;99;943.5;14;3;10;
83702;19/06/2015;1200;18.4;17.9;95;947.3;14;4;10;
83702;19/06/2015;1800;18;11.5;41;945.3;5;2;1;
83702;20/06/2015;0000;13.2;11.5;81;944.7;14;1;2;
83702;20/06/2015;1200;13;13;99;945.3;14;2;10;
83702;20/06/2015;1800;22.5;20.1;75;943.1;14;2;10;
83702;21/06/2015;0000;16.2;15.1;87;943.3;14;2;10;
83702;21/06/2015;1200;17.8;17.1;93;944.9;5;4;6;
83702;21/06/2015;1800;27.7;21.7;57;943.2;36;1;10;
83702;22/06/2015;0000;19.8;18.5;87;943.7;5;1;0;
83702;22/06/2015;1200;18;16.1;80;940.5;5;2;10;
83702;22/06/2015;1800;26;23.1;78;942.4;5;2;10;
83702;23/06/2015;0000;21;19.1;80;944.4;5;2;0;
83702;23/06/2015;1200;17.4;15.9;85;945.9;5;2;8;
83702;23/06/2015;1800;26.7;20.5;56;939.6;5;1;10;
83702;24/06/2015;0000;20;17.5;77;945.5;5;2;0;
83702;24/06/2015;1200;17;15.7;86;946.9;5;2;5;
83702;24/06/2015;1800;25;23.1;85;945.4;5;2;6;
83702;25/06/2015;0000;20;17.1;74;947;14;2;0;
83702;25/06/2015;1200;13.4;13.3;99;947.2;5;2;8;
83702;25/06/2015;1800;23;19.3;70;945.1;5;2;1;
83702;26/06/2015;0000;17.6;16.1;85;945.9;5;2;0;
83702;26/06/2015;1200;15;14.9;99;949.3;5;2;10;
83702;26/06/2015;1800;23;20.1;76;946.3;5;3;10;
83702;27/06/2015;0000;18;17.1;91;947.7;5;2;0;
83702;27/06/2015;1200;14.6;14.1;94;948;5;4;10;
83702;27/06/2015;1800;24.4;20.7;71;944.8;5;4;10;
83702;28/06/2015;0000;17;16.3;93;944.2;5;3;0;
83702;28/06/2015;1200;15;14.1;91;943.9;5;3;10;
83702;28/06/2015;1800;25;24.3;93;935.6;5;2;10;
83702;29/06/2015;0000;17;16.9;99;941;5;3;0;
83702;29/06/2015;1200;14;13.3;92;940.3;5;4;10;
83702;29/06/2015;1800;24.2;20.7;73;936.2;5;4;10;
83702;30/06/2015;0000;19.4;17.5;82;938.3;5;1;9;
83702;30/06/2015;1200;20;19.9;99;937.6;5;2;10;
83702;30/06/2015;1800;17;16.9;99;936.8;5;3;10;
83702;01/07/2015;0000;17.5;17.1;96;939.9;5;2;10;
83702;01/07/2015;1200;16.4;16.1;97;942.3;14;2;10;
83702;01/07/2015;1800;19.4;18.3;88;941.6;5;4;10;
83702;02/07/2015;0000;17.4;17.1;97;941.9;5;1;4;
83702;02/07/2015;1200;17.5;17.4;99;939.2;5;2;10;
83702;02/07/2015;1800;18;17.9;99;936.3;5;3;10;
83702;03/07/2015;0000;19;16.9;99;935.4;5;2;10;
83702;03/07/2015;1200;18.4;18.3;99;935.8;36;4;10;
83702;03/07/2015;1800;18;17.9;99;934.5;23;3;10;
83702;04/07/2015;0000;14.4;14.3;99;939.1;23;4;10;
83702;04/07/2015;1200;9;8.9;99;943.8;18;4;10;
83702;04/07/2015;1800;12;11.9;99;938.8;18;3;10;
83702;05/07/2015;0000;11;10.9;99;944.1;18;2;10;
83702;05/07/2015;1200;8;7.9;99;941.4;5;4;10;
83702;05/07/2015;1800;18.8;15.7;72;939;5;4;10;
83702;06/07/2015;0000;12.6;11.9;92;938.9;5;2;3;
83702;06/07/2015;1200;15;14.9;99;938.6;5;2;10;
83702;06/07/2015;1800;18;17.9;99;938.2;5;3;10;
83702;07/07/2015;0000;18;17.6;95;938.3;5;2;10;
83702;07/07/2015;1200;16.8;16.7;99;938.6;5;2;10;
83702;07/07/2015;1800;16.6;16.5;99;937.5;5;2;10;
83702;08/07/2015;0000;15.4;15.3;98;937.9;32;4;10;
83702;08/07/2015;1200;14;13.9;99;939.4;32;2;10;
83702;08/07/2015;1800;15;14.9;99;938.1;32;3;10;
83702;09/07/2015;0000;14;13.9;99;939.8;32;3;10;
83702;09/07/2015;1200;12.6;12.5;99;940.6;36;2;3;
83702;09/07/2015;1800;20.4;18.5;83;939.3;5;2;10;
83702;10/07/2015;0000;16;15.7;97;939.2;5;3;2;
83702;10/07/2015;1200;18;17.5;94;940.4;5;3;10;
83702;10/07/2015;1800;26.9;24.1;78;936.8;5;4;10;
83702;11/07/2015;0000;21;20.1;91;938.6;5;3;0;
83702;11/07/2015;1200;16.6;16.5;99;940.4;5;4;10;
83702;11/07/2015;1800;18;17.9;98;938.2;5;4;10;
83702;12/07/2015;0000;17.8;17.7;99;938.2;5;4;10;
83702;12/07/2015;1200;18;17.9;99;937.7;5;2;0;
83702;12/07/2015;1800;26.9;25.1;85;933.3;5;3;6;
83702;13/07/2015;0000;22;20.1;82;933.2;5;2;0;
83702;13/07/2015;1200;22.2;20.7;90;933.2;36;4;4;
83702;13/07/2015;1800;28.5;24.3;70;931;36;4;4;
83702;14/07/2015;0000;23;21.1;80;934.7;36;4;0;
83702;14/07/2015;1200;23;21.1;80;937.4;36;3;10;
83702;14/07/2015;1800;20;19.9;99;937.2;36;3;10;
83702;15/07/2015;0000;18.5;18.1;86;941.6;36;2;10;
83702;15/07/2015;1200;14;13.9;99;943.3;18;3;10;
83702;15/07/2015;1800;16.4;16.3;99;942.2;5;2;10;
83702;16/07/2015;0000;16.6;16.5;99;943.4;32;1;10;
83702;16/07/2015;1200;16;15.9;99;943.9;32;2;10;
83702;16/07/2015;1800;18;17.9;99;942.5;32;2;10;
83702;17/07/2015;0000;16;15.1;91;943.6;32;2;0;
83702;17/07/2015;1200;15.8;15.7;99;945.5;23;1;10;
83702;17/07/2015;1800;19;18.7;99;942.7;9;1;10;
83702;18/07/2015;0000;18.2;18.1;99;943.2;5;1;10;
83702;18/07/2015;1200;17;16.9;99;941.8;5;2;10;
83702;18/07/2015;1800;26;23.9;84;940.3;9;3;10;
83702;19/07/2015;0000;20;17.1;70;941.6;9;2;0;
83702;19/07/2015;1200;17.8;16.9;91;941.2;5;2;0;
83702;19/07/2015;1800;28.3;23.5;65;937.8;5;8;4;
83702;20/07/2015;0000;20.4;18.3;81;937.1;5;1;0;
83702;20/07/2015;1200;20;17.6;78;940.4;5;3;10;
83702;20/07/2015;1800;26;24.1;85;938.3;5;4;10;
83702;21/07/2015;0000;18;17.9;99;940.6;5;2;10;
83702;21/07/2015;1200;10;9.9;99;944.8;14;4;10;
83702;21/07/2015;1800;16.8;15.1;82;938.6;14;0.2;6;
83702;22/07/2015;0000;12.6;11.5;87;943.6;23;1;0;
83702;22/07/2015;1200;11;10.9;98;944.1;23;2;0;
83702;22/07/2015;1800;20;18.1;80;937.6;23;2;10;
83702;23/07/2015;0000;16.5;15.1;85;937.5;23;2;0;
83702;23/07/2015;1200;15.2;15.1;99;940.7;5;2;10;
83702;23/07/2015;1800;23;20.5;79;942.6;5;2;10;
83702;24/07/2015;0000;19.2;18.5;93;943.4;23;4;9;
83702;24/07/2015;1200;18;17.9;99;944.3;23;3;10;
83702;24/07/2015;1800;16;15.9;99;937.8;23;2;10;
83702;25/07/2015;0000;15;14.9;99;939.3;23;3;10;
83702;25/07/2015;1200;12.2;11.9;97;943.8;14;1;10;
83702;25/07/2015;1800;20.8;17.7;74;940.9;5;1;2;
83702;26/07/2015;0000;15.4;13.9;84;942.2;14;1;0;
83702;26/07/2015;1200;14;13.9;99;942.6;14;2;0;
83702;26/07/2015;1800;25;23.1;85;940.1;14;2;0;
83702;27/07/2015;0000;18;16.9;88;940.8;14;2;0;
83702;27/07/2015;1200;14.6;14.1;94;941.5;5;3;0;
83702;27/07/2015;1800;26.1;22.9;75;939;5;3;2;
83702;28/07/2015;0000;20;18.5;86;939.9;5;1;0;
83702;28/07/2015;1200;17.5;15.9;83;941.1;5;2;5;
83702;28/07/2015;1800;27.4;25.1;76;940.2;5;3;6;
83702;29/07/2015;0000;20;19.9;99;940.9;5;1;0;
83702;29/07/2015;1200;17.6;17.3;97;942.4;5;4;3;
83702;29/07/2015;1800;28.9;28.6;97;939.7;5;3;0;
83702;30/07/2015;0000;21.8;21.7;99;943;5;1;9;
83702;30/07/2015;1200;19;17.1;80;944.5;5;2;6;
83702;30/07/2015;1800;27.9;27;94;941;5;3;0;
83702;31/07/2015;0000;21;20.9;99;940.4;5;2;0;
83702;31/07/2015;1200;17;16.9;99;940.9;5;1;0;
83702;31/07/2015;1800;30.5;18.3;27;938.5;5;6;0;
83702;01/08/2015;0000;22.5;18.1;55;941.5;5;3;0;
83702;01/08/2015;1200;19;15.7;70;942.5;5;1;8;
83702;01/08/2015;1800;28.9;25.1;72;939.3;5;3;7;
83702;02/08/2015;0000;21;17.6;70;938.3;5;2;0;
83702;02/08/2015;1200;18.8;15.1;67;939.5;5;2;0;
83702;02/08/2015;1800;30.1;17.7;27;936.5;5;3;0;
83702;03/08/2015;0000;22;19.1;70;937;5;2;0;
83702;03/08/2015;1200;20;17.9;78;940.8;5;2;0;
83702;03/08/2015;1800;29.9;25.1;67;939.1;5;3;6;
83702;04/08/2015;0000;24;17.1;48;945.2;5;2;0;
83702;04/08/2015;1200;20.2;15.3;58;941.9;5;1;0;
83702;04/08/2015;1800;30.3;18.5;29;939.1;36;3;2;
83702;05/08/2015;0000;23.6;16.7;47;937.6;36;1;0;
83702;05/08/2015;1200;20;17.1;74;940.1;36;2;7;
83702;05/08/2015;1800;31.7;26.3;63;936.4;36;3;6;
83702;06/08/2015;0000;23.5;18.8;63;937.1;36;2;0;
83702;06/08/2015;1200;18;15.1;72;936.3;5;1;1;
83702;06/08/2015;1800;30.5;18.5;28;932.9;5;1;2;
83702;07/08/2015;0000;23.6;16.7;47;933.8;5;2;0;
83702;07/08/2015;1200;20;17.1;74;935.7;5;3;0;
83702;07/08/2015;1800;30.9;25.8;64;933.7;5;4;0;
83702;08/08/2015;0000;24;21.1;77;936.2;5;3;0;
83702;08/08/2015;1200;19.8;16.7;73;938.5;5;1;1;
83702;08/08/2015;1800;32.7;19.5;26;936.1;5;1;1;
83702;09/08/2015;0000;25;17.5;45;936.9;5;1;0;
83702;09/08/2015;1200;20;17.1;74;940.4;5;2;0;
83702;09/08/2015;1800;31.9;26.1;61;936.2;5;3;0;
83702;10/08/2015;0000;23;19.1;68;938.5;5;2;0;
83702;10/08/2015;1200;18.4;14.5;64;939.1;5;3;1;
83702;10/08/2015;1800;31.5;18.9;27;939.4;5;5;9;
83702;11/08/2015;0000;24.2;17.5;49;939.7;5;1;1;
83702;11/08/2015;1200;19.6;16.1;69;942.7;5;3;4;
83702;11/08/2015;1800;29.9;25.7;71;940.4;5;2;10;
83702;12/08/2015;0000;21;20.1;90;937.5;5;2;0;
83702;12/08/2015;1200;19.6;16.1;69;942.3;5;3;0;
83702;12/08/2015;1800;31.1;18.7;28;939.4;5;4;0;
83702;13/08/2015;0000;24.8;17.3;45;939.7;36;1;0;
83702;13/08/2015;1200;18.4;16.6;81;941.5;36;2;10;
83702;13/08/2015;1800;29.9;19.1;32;940.6;5;3;10;
83702;14/08/2015;0000;23;18.1;61;942.8;5;2;0;
83702;14/08/2015;1200;19.2;14.7;61;942.1;5;4;10;
83702;14/08/2015;1800;28.1;17.1;30;939.1;5;5;10;
83702;15/08/2015;0000;21.8;14.5;42;938.3;36;1;1;
83702;15/08/2015;1200;20;15.9;64;941.5;36;2;10;
83702;15/08/2015;1800;29.9;24.6;64;940.6;36;3;10;
83702;16/08/2015;0000;22.5;19;71;940.9;36;2;0;
83702;16/08/2015;1200;21.8;16.1;53;942.6;5;4;9;
83702;16/08/2015;1800;30.3;18.1;27;939.9;5;5;6;
83702;17/08/2015;0000;23.2;16.5;48;940;5;1;0;
83702;17/08/2015;1200;20;16.1;65;941;5;2;0;
83702;17/08/2015;1800;27.9;25.1;80;938.2;5;3;10;
83702;18/08/2015;0000;25;21.1;70;938.2;5;3;0;
83702;18/08/2015;1200;16.4;16.1;97;939.3;23;4;10;
83702;18/08/2015;1800;16;15.9;99;942.2;23;4;10;
83702;19/08/2015;0000;15;14.7;96;941;23;3;7;
83702;19/08/2015;1200;13;12.9;99;942.9;23;3;10;
83702;19/08/2015;1800;21;18.1;70;941.7;23;3;10;
83702;20/08/2015;0000;16;15.8;99;943.1;23;2;0;
83702;20/08/2015;1200;13.6;12.3;85;942.1;14;3;3;
83702;20/08/2015;1800;26.5;15.7;28;940.1;32;1;6;
83702;21/08/2015;0000;19;18.6;96;941.9;32;2;0;
83702;21/08/2015;1200;16.4;12.9;66;941.3;5;2;0;
83702;21/08/2015;1800;28.9;26.1;79;939.2;5;3;10;
83702;22/08/2015;0000;19.5;18.1;85;939;5;2;0;
83702;22/08/2015;1200;18.8;14.7;62;937.9;5;1;4;
83702;22/08/2015;1800;31.1;19.9;34;934.5;5;3;5;
83702;23/08/2015;0000;24.8;17.9;48;935.6;5;2;0;
83702;23/08/2015;1200;21;20.7;91;939.2;5;3;10;
83702;23/08/2015;1800;32.4;27.3;68;936.1;5;3;10;
83702;24/08/2015;0000;25;21.1;70;936.9;5;3;0;
83702;24/08/2015;1200;20.2;17.9;78;937.9;5;2;10;
83702;24/08/2015;1800;23.8;20.1;71;936.8;32;4;10;
83702;25/08/2015;0000;21;18.3;76;938.5;14;1;4;
83702;25/08/2015;1200;18;16.1;80;939.3;14;3;6;
83702;25/08/2015;1800;20.9;24.6;56;936.6;14;3;9;
83702;26/08/2015;0000;21.5;20.1;84;937.2;14;2;0;
83702;26/08/2015;1200;17.6;16.7;91;937.5;5;3;10;
83702;26/08/2015;1800;31.3;21.1;39;934.7;5;4;10;
83702;27/08/2015;0000;24.4;19.7;64;935.3;5;3;8;
83702;27/08/2015;1200;17;16.9;99;941.4;5;3;10;
83702;27/08/2015;1800;21;18.1;70;940.8;5;2;10;
83702;28/08/2015;0000;16;15.1;90;943.6;5;2;10;
83702;28/08/2015;1200;17.6;15.3;78;943.7;5;4;0;
83702;28/08/2015;1800;26.9;16.7;31;942.2;5;4;0;
83702;29/08/2015;0000;16.4;13.7;72;942.2;5;5;0;
83702;29/08/2015;1200;19;17.1;80;943.3;5;3;0;
83702;29/08/2015;1800;28.9;24.6;69;941.2;5;3;10;
83702;30/08/2015;0000;20;17.1;74;942.5;5;2;0;
83702;30/08/2015;1200;21.2;15.1;50;942.4;5;3;0;
83702;30/08/2015;1800;31.5;19.3;29;940.3;5;4;0;
83702;31/08/2015;0000;23.6;17.9;55;940.1;5;1;0;
83702;31/08/2015;1200;23.5;20.1;73;937.2;5;1;0;
83702;31/08/2015;1800;34.9;30.1;70;935.2;5;2;0;
83702;01/09/2015;0000;26;22.1;70;941.9;5;2;0;
83702;01/09/2015;1200;26;17.7;41;943.4;5;1;4;
83702;01/09/2015;1800;25.8;20.7;24;940.2;5;1;3;
83702;02/09/2015;0000;28.9;19.7;39;939.9;23;1;2;
83702;02/09/2015;1200;25.3;21.2;68;942.1;23;3;0;
83702;02/09/2015;1800;34.4;29.7;68;939.6;23;3;0;
83702;03/09/2015;0000;27.9;24.3;74;939.7;23;2;10;
83702;03/09/2015;1200;24.3;20.5;70;940.2;0;0;0;
83702;03/09/2015;1800;30.1;22.9;52;937.4;23;4;2;
83702;04/09/2015;0000;22.8;20.3;79;938.3;23;3;10;
83702;04/09/2015;1200;18;17.9;99;942.7;23;2;10;
83702;04/09/2015;1800;25;23.1;80;940;23;3;10;
83702;05/09/2015;0000;20;18.6;85;942.2;23;2;10;
83702;05/09/2015;1200;16.4;14.1;76;942.8;36;2;10;
83702;05/09/2015;1800;24.6;15.5;34;940.1;14;2;8;
83702;06/09/2015;0000;20.4;12.7;37;939.1;23;2;1;
83702;06/09/2015;1200;20;17.1;71;940.7;23;2;10;
83702;06/09/2015;1800;26.4;23.3;76;936.2;23;2;10;
83702;07/09/2015;0000;20;18.6;87;935.2;23;2;0;
83702;07/09/2015;1200;21;18.5;78;934.3;5;3;10;
83702;07/09/2015;1800;32.5;22.1;39;928.1;5;5;9;
83702;08/09/2015;0000;27.5;20.9;53;928.5;5;3;0;
83702;08/09/2015;1200;15;14.9;99;933.6;5;0.8;10;
83702;08/09/2015;1800;21;18.1;70;936.6;5;0.8;10;
83702;09/09/2015;0000;18;16.6;85;935.6;5;0.8;10;
83702;09/09/2015;1200;17.6;16.7;91;936.6;5;2;4;
83702;09/09/2015;1800;26.3;20.3;56;933.2;5;3;5;
83702;10/09/2015;0000;19.6;17.5;80;934.2;5;2;4;
83702;10/09/2015;1200;19;18.9;99;934.1;5;3;10;
83702;10/09/2015;1800;18;17.9;99;931.7;5;2;10;
83702;11/09/2015;0000;17;16.9;99;934.6;5;2;10;
83702;11/09/2015;1200;16.6;16.5;99;939.4;23;2;10;
83702;11/09/2015;1800;12.2;12.1;99;939.4;23;4;10;
83702;12/09/2015;0000;8.8;8.7;99;942.5;23;2;0;
83702;12/09/2015;1200;11;10.9;99;943.7;23;3;10;
83702;12/09/2015;1800;16;13.1;70;939;23;2;10;
83702;13/09/2015;0000;11;10.9;99;944.9;23;2;10;
83702;13/09/2015;1200;15.4;8.7;35;944.6;14;4;0;
83702;13/09/2015;1800;23.8;13.7;28;941.9;14;2;10;
83702;14/09/2015;0000;17.6;11.7;46;941.8;14;3;2;
83702;14/09/2015;1200;18.4;16.1;77;944.5;14;2;0;
83702;14/09/2015;1800;27.9;25.3;74;940.7;14;3;0;
83702;15/09/2015;0000;20;18.1;81;939;14;2;0;
83702;15/09/2015;1200;20;17.9;80;939.5;5;4;0;
83702;15/09/2015;1800;32.5;21.7;37;935.9;5;4;10;
83702;16/09/2015;0000;25.8;19.7;55;934.9;5;4;0;
83702;16/09/2015;1200;26.9;24.3;79;938.2;5;3;0;
83702;16/09/2015;1800;33.9;30;74;933.7;5;4;10;
83702;17/09/2015;0000;27.9;25.1;80;935.9;5;2;0;
83702;17/09/2015;1200;28.3;21.9;55;936.5;36;3;3;
83702;17/09/2015;1800;33.9;22.7;36;933.6;32;5;3;
83702;18/09/2015;0000;27.3;20.5;52;934.5;5;4;0;
83702;18/09/2015;1200;29.9;25.3;69;938.7;5;3;0;
83702;18/09/2015;1800;34.9;30.1;70;937.4;5;3;10;
83702;19/09/2015;0000;29.4;25.6;71;937.2;5;2;0;
83702;19/09/2015;1200;29.1;22.7;58;939.1;5;2;10;
83702;19/09/2015;1800;34.5;22.1;32;935.9;5;2;10;
83702;20/09/2015;0000;28.1;25.1;58;937.6;5;2;0;
83702;20/09/2015;1200;29.9;25.3;52;940.1;5;3;0;
83702;20/09/2015;1800;35.7;20.1;21;934.3;36;4;10;
83702;21/09/2015;0000;27.9;24.1;73;939.2;5;2;10;
83702;21/09/2015;1200;26.1;18.7;47;937;5;2;0;
83702;21/09/2015;1800;35.5;20.1;20;934;36;4;4;
83702;22/09/2015;0000;28.3;19.1;39;935.6;5;1;8;
83702;22/09/2015;1200;27.2;24.2;78;937.7;5;2;10;
83702;22/09/2015;1800;35.9;31.2;71;934.4;5;3;10;
83702;23/09/2015;0000;28.9;25.3;73;936.2;5;2;0;
83702;23/09/2015;1200;25.6;19.9;59;935.6;5;2;10;
83702;23/09/2015;1800;35.1;23.3;36;932.3;5;1;10;
83702;24/09/2015;0000;28.7;22.1;55;934.1;5;3;10;
83702;24/09/2015;1200;30;25.3;69;935.6;5;3;10;
83702;24/09/2015;1800;33.9;27.1;58;934.3;5;3;10;
83702;25/09/2015;0000;28.4;25.1;76;936;5;2;0;
83702;25/09/2015;1200;25.4;22.9;80;936.9;9;1;10;
83702;25/09/2015;1800;32.9;24.3;48;932.6;32;5;10;
83702;26/09/2015;0000;23.2;21.7;87;936.8;9;1;8;
83702;26/09/2015;1200;20;19.9;99;939.3;9;3;10;
83702;26/09/2015;1800;20;20.1;100;938.6;9;3;10;
83702;27/09/2015;0000;22.5;21.1;85;939;9;2;10;
83702;27/09/2015;1200;19.8;19.7;99;938.5;14;3;10;
83702;27/09/2015;1800;18.4;18.3;99;935.9;23;3;10;
83702;28/09/2015;0000;16.2;16.1;99;938.2;23;3;10;
83702;28/09/2015;1200;16;14.1;81;938.7;23;3;0;
83702;28/09/2015;1800;25.3;20.3;62;935.5;23;2;7;
83702;29/09/2015;0000;19.2;16.6;75;939.1;23;2;0;
83702;29/09/2015;1200;24.2;20.5;71;936.5;5;4;10;
83702;29/09/2015;1800;30.9;23.1;50;933.4;5;2;9;
83702;30/09/2015;0000;25.4;21.1;68;933.5;5;3;0;
83702;30/09/2015;1200;17;16.9;99;939;5;3;10;
83702;30/09/2015;1800;24.5;21.1;74;936.2;5;3;10;
83702;01/10/2015;0000;20;19.1;91;937.9;5;2;10;
83702;01/10/2015;1200;19;18.5;95;938.1;5;2;8;
83702;01/10/2015;1800;29.1;22.1;53;935.3;5;2;8;
83702;02/10/2015;0000;23.2;20.1;75;941.8;5;1;10;
83702;02/10/2015;1200;25.2;23.4;82;937.7;5;3;10;
83702;02/10/2015;1800;32.9;29.1;61;939.9;5;3;10;
83702;03/10/2015;0000;28.1;25.4;73;937.1;5;3;10;
83702;03/10/2015;1200;18.2;18.1;99;940.1;14;2;10;
83702;03/10/2015;1800;18.6;18.5;99;938.3;5;2;10;
83702;04/10/2015;0000;18.6;18.5;99;936.8;14;1;10;
83702;04/10/2015;1200;18;17.9;99;937.3;14;2;10;
83702;04/10/2015;1800;24;21.1;70;940.1;14;3;10;
83702;05/10/2015;0000;20;19.8;99;941.8;0;0;10;
83702;05/10/2015;1200;22.4;20.5;84;940.2;5;1;0;
83702;05/10/2015;1800;31.1;22.9;48;937.2;5;2;8;
83702;06/10/2015;0000;24.4;21.3;78;937.3;5;2;0;
83702;06/10/2015;1200;24;21.6;81;940;5;4;0;
83702;06/10/2015;1800;32.2;29.7;83;936.7;5;3;7;
83702;07/10/2015;0000;26;23.1;78;937.2;5;2;0;
83702;07/10/2015;1200;26.5;20.7;58;937.3;5;4;0;
83702;07/10/2015;1800;33.5;22.7;38;933;32;4;5;
83702;08/10/2015;0000;27.3;23.1;71;934.6;5;2;0;
83702;08/10/2015;1200;27.4;25.1;81;938.9;5;4;7;
83702;08/10/2015;1800;31.9;27.1;67;935.6;5;3;10;
83702;09/10/2015;0000;26;23.3;79;935.3;5;3;10;
83702;09/10/2015;1200;25.6;22.3;74;934.8;32;2;3;
83702;09/10/2015;1800;23.2;20.9;80;934;27;4;10;
83702;10/10/2015;0000;18;17.7;97;936.7;23;4;10;
83702;10/10/2015;1200;16;15.9;99;941.7;23;4;10;
83702;10/10/2015;1800;16;15.9;99;940;23;3;10;
83702;11/10/2015;0000;14.5;13.9;94;941.1;5;3;10;
83702;11/10/2015;1200;13.6;13.5;99;941.9;32;3;10;
83702;11/10/2015;1800;12.8;12.7;99;940.6;23;2;10;
83702;12/10/2015;0000;11;10.9;99;940.8;18;2;10;
83702;12/10/2015;1200;14;13.9;99;943.9;5;3;10;
83702;12/10/2015;1800;13.5;13;95;942.2;5;2;10;
83702;13/10/2015;0000;14;13.9;99;941.6;5;2;10;
83702;13/10/2015;1200;16.2;15.7;95;940.5;5;3;10;
83702;13/10/2015;1800;22.4;19.5;75;936.3;5;4;5;
83702;14/10/2015;0000;19;16.1;73;935.8;5;2;0;
83702;14/10/2015;1200;25;23.2;84;936.2;5;4;0;
83702;14/10/2015;1800;31.7;29.3;74;931.8;5;4;7;
83702;15/10/2015;0000;32.6;26.1;83;932.7;5;3;0;
83702;15/10/2015;1200;29.3;22.7;55;935.2;5;4;0;
83702;15/10/2015;1800;33.9;22.9;38;933.8;5;2;8;
83702;16/10/2015;0000;27.9;24.1;52;937;5;3;0;
83702;16/10/2015;1200;30.9;28.3;80;939.8;5;4;10;
83702;16/10/2015;1800;34.1;30.1;75;938.3;5;3;10;
83702;17/10/2015;0000;27.9;24.1;73;938.4;5;2;10;
83702;17/10/2015;1200;24.4;19.9;65;940.3;14;2;10;
83702;17/10/2015;1800;25.4;14.9;27;940.1;5;4;10;
83702;18/10/2015;0000;23.4;20.5;76;941;18;4;0;
83702;18/10/2015;1200;24;21.6;81;941.4;5;3;8;
83702;18/10/2015;1800;31.9;27.1;67;938.7;5;2;10;
83702;19/10/2015;0000;25.3;22.5;27;940.2;5;2;0;
83702;19/10/2015;1200;22.8;19.1;70;938.7;5;4;10;
83702;19/10/2015;1800;32.5;23.5;45;933.5;5;2;10;
83702;20/10/2015;0000;27.9;22.7;64;933.6;5;4;0;
83702;20/10/2015;1200;29.9;26.1;62;936.7;5;4;10;
83702;20/10/2015;1800;34.9;28.1;40;936;5;3;10;
83702;21/10/2015;0000;27.9;25.1;72;935.5;5;3;10;
83702;21/10/2015;1200;30.5;22.3;47;935.7;32;4;0;
83702;21/10/2015;1800;34.5;23.5;39;932;32;5;8;
83702;22/10/2015;0000;28.3;21.1;51;933.3;5;4;5;
83702;22/10/2015;1200;30.4;26.3;71;936.6;5;4;10;
83702;22/10/2015;1800;35.4;30.1;65;935.3;5;3;10;
83702;23/10/2015;0000;29.9;25.1;67;936.2;5;3;10;
83702;23/10/2015;1200;21.6;19.9;85;939.8;5;2;10;
83702;23/10/2015;1800;26.3;21.9;67;936.7;5;3;10;
83702;24/10/2015;0000;23.6;20.7;77;937.9;5;2;0;
83702;24/10/2015;1200;25;22.1;78;940.9;5;3;10;
83702;24/10/2015;1800;31.9;25.6;58;938;5;2;10;
83702;25/10/2015;0000;25;23.1;85;937.9;5;3;0;
83702;25/10/2015;1200;24;20.9;75;939.1;5;4;4;
83702;25/10/2015;1800;32.9;24.3;48;935.5;36;1;10;
83702;26/10/2015;0000;24.6;21.3;74;937;5;1;4;
83702;26/10/2015;1200;21.6;20.9;94;939.4;18;4;10;
83702;26/10/2015;1800;25.5;24.1;86;938.2;18;3;10;
83702;27/10/2015;0000;23.2;21.6;86;937.8;18;4;10;
83702;27/10/2015;1200;18;17.9;99;939.3;14;2;10;
83702;27/10/2015;1800;20.4;20.1;99;938.7;18;4;10;
83702;28/10/2015;0000;19;18.7;97;937.2;14;1;7;
83702;28/10/2015;1200;23.2;21.6;84;939.4;14;3;10;
83702;28/10/2015;1800;29.3;25.1;71;937.8;14;2;10;
83702;29/10/2015;0000;25;23.1;85;937.1;14;2;0;
83702;29/10/2015;1200;24.8;22.7;83;937.9;5;3;10;
83702;29/10/2015;1800;29.9;23.3;56;935.3;5;4;8;
83702;30/10/2015;0000;25.4;21.7;72;936.8;5;3;0;
83702;30/10/2015;1200;24;21.7;82;939.5;5;4;10;
83702;30/10/2015;1800;29.9;27.3;82;934.6;5;3;10;
83702;31/10/2015;0000;21;20.9;99;938.8;5;2;10;
83702;31/10/2015;1200;21.2;20.5;93;935.9;18;4;10;
83702;31/10/2015;1800;26.4;23.1;74;937.2;18;3;10;
83702;01/11/2015;0000;21.8;19.7;80;938.5;18;3;10;
83702;01/11/2015;1200;21.2;18.9;78;937.8;14;4;10;
83702;01/11/2015;1800;30.7;26.1;54;936.9;14;4;10;
83702;02/11/2015;0000;22;20.1;80;937.4;14;3;0;
83702;02/11/2015;1200;23.2;21.7;86;937;14;2;10;
83702;02/11/2015;1800;22.4;21.3;90;934.1;23;3;10;
83702;03/11/2015;0000;21.8;21.1;94;935.7;14;1;10;
83702;03/11/2015;1200;21.5;21.1;95;939.1;14;3;10;
83702;03/11/2015;1800;22;21.6;95;938.6;14;2;10;
83702;04/11/2015;0000;21.8;21.1;93;937.8;14;2;10;
83702;04/11/2015;1200;21.5;21.4;99;939.2;36;2;10;
83702;04/11/2015;1800;25;23.1;85;935.3;5;4;10;
83702;05/11/2015;0000;22.2;21.7;95;936.7;32;2;9;
83702;05/11/2015;1200;20;19.9;99;940.9;32;2;10;
83702;05/11/2015;1800;21;20.5;95;937;23;4;10;
83702;06/11/2015;0000;19.2;18.9;97;939.9;23;3;10;
83702;06/11/2015;1200;19.2;17.5;83;941.9;14;4;2;
83702;06/11/2015;1800;26.1;20.5;59;939.3;18;2;10;
83702;07/11/2015;0000;21.2;18.5;76;939.3;23;3;0;
83702;07/11/2015;1200;23;19.9;75;942.7;18;3;7;
83702;07/11/2015;1800;28.9;25.1;72;937.8;18;2;10;
83702;08/11/2015;0000;25;23.1;85;939.4;18;2;8;
83702;08/11/2015;1200;21;20.9;99;937.9;5;2;10;
83702;08/11/2015;1800;26.1;23.9;82;936;5;2;10;
83702;09/11/2015;0000;21;20.3;93;937.5;9;2;8;
83702;09/11/2015;1200;21.5;21.1;96;940.2;18;3;10;
83702;09/11/2015;1800;31.9;27.1;67;937;18;2;10;
83702;10/11/2015;0000;24.5;23.1;89;938;18;2;10;
83702;10/11/2015;1200;28.1;24.1;71;938.2;36;4;1;
83702;10/11/2015;1800;33.7;23.5;41;936.5;5;2;3;
83702;11/11/2015;0000;27.5;22.9;66;937.5;36;1;0;
83702;11/11/2015;1200;29.9;26.3;75;939.3;36;2;10;
83702;11/11/2015;1800;32.6;28.1;69;938;36;2;10;
83702;12/11/2015;0000;26.9;24.1;78;937.6;36;3;10;
83702;12/11/2015;1200;28.5;23.3;64;936.6;5;4;10;
83702;12/11/2015;1800;34.3;24.7;44;933.2;5;4;10;
83702;13/11/2015;0000;26.1;23.1;76;933.8;5;2;0;
83702;13/11/2015;1200;29.9;27.1;81;940.7;5;4;10;
83702;13/11/2015;1800;33.9;28.1;63;935.3;5;4;10;
83702;14/11/2015;0000;27.9;25.1;80;937.4;5;3;0;
83702;14/11/2015;1200;30.1;23.7;57;936.2;32;3;10;
83702;14/11/2015;1800;34.9;29.1;64;935.3;32;3;10;
83702;15/11/2015;0000;28.9;25.9;77;936.6;32;2;10;
83702;15/11/2015;1200;28.6;25.1;76;938.4;5;3;10;
83702;15/11/2015;1800;30.9;26.1;66;933.7;5;2;10;
83702;16/11/2015;0000;23.5;22.1;86;935.4;5;4;10;
83702;16/11/2015;1200;25.6;22.1;74;938.8;5;5;10;
83702;16/11/2015;1800;32.5;22.5;40;931.9;32;6;8;
83702;17/11/2015;0000;26.3;22.1;69;930.8;5;2;1;
83702;17/11/2015;1200;21;21;99;936.3;5;4;10;
83702;17/11/2015;1800;31.9;26.1;61;936.6;5;4;10;
83702;18/11/2015;0000;25;23.1;81;938.1;5;3;10;
83702;18/11/2015;1200;18.2;18.1;99;934.5;18;3;10;
83702;18/11/2015;1800;22;21.5;95;932.1;32;1;10;
83702;19/11/2015;0000;21.6;21.5;99;939.9;5;1;3;
83702;19/11/2015;1200;27.4;25.1;84;936.6;5;3;7;
83702;19/11/2015;1800;31.3;24.7;57;928.7;36;3;10;
83702;20/11/2015;0000;28.1;25.8;77;928.5;36;3;10;
83702;20/11/2015;1200;16.6;16.5;99;934.1;18;6;10;
83702;20/11/2015;1800;20.2;18.1;80;940.5;23;4;10;
83702;21/11/2015;0000;16.5;15.1;34;937.6;23;3;10;
83702;21/11/2015;1200;18.6;15.9;74;936.7;5;3;10;
83702;21/11/2015;1800;27.9;25.3;81;934.2;5;3;10;
83702;22/11/2015;0000;22;21.4;96;935.2;5;3;10;
83702;22/11/2015;1200;26.7;23.1;74;937;5;3;10;
83702;22/11/2015;1800;30.1;23.3;55;933.4;32;5;6;
83702;23/11/2015;0000;26;24.3;82;934.9;32;3;10;
83702;23/11/2015;1200;25.6;23.1;80;933.3;36;1;10;
83702;23/11/2015;1800;27.4;25.1;77;930.7;36;3;10;
83702;24/11/2015;0000;23;22.9;99;931.9;36;2;10;
83702;24/11/2015;1200;27.5;25.3;82;931.3;32;1;10;
83702;24/11/2015;1800;32.3;24.9;54;928.4;32;4;10;
83702;25/11/2015;0000;25.2;24.3;92;930.2;5;3;10;
83702;25/11/2015;1200;25.5;24.1;87;935.6;5;3;10;
83702;25/11/2015;1800;28.6;25.1;76;935;5;2;10;
83702;26/11/2015;0000;22.8;22.1;93;935.9;5;3;10;
83702;26/11/2015;1200;20.8;20.1;94;938.8;14;1;10;
83702;26/11/2015;1800;21.6;20.9;94;934.3;5;3;10;
83702;27/11/2015;0000;22.2;21.5;93;935.7;5;2;10;
83702;27/11/2015;1200;26.4;24.1;77;937.5;5;3;10;
83702;27/11/2015;1800;31.9;28.1;73;933.7;5;2;10;
83702;28/11/2015;0000;27.4;25.1;81;932.9;5;2;10;
83702;28/11/2015;1200;19.6;19.5;99;934.7;14;4;10;
83702;28/11/2015;1800;19.6;19.5;99;934.7;5;4;10;
83702;29/11/2015;0000;19.2;19.1;99;934.6;32;1;2;
83702;29/11/2015;1200;20;19.9;99;940.8;32;3;10;
83702;29/11/2015;1800;21;20.8;98;939.9;32;3;10;
83702;30/11/2015;0000;19;18.9;99;939.9;32;2;10;
83702;30/11/2015;1200;20.6;20.1;96;939.4;5;1;10;
83702;30/11/2015;1800;23.6;22.5;91;937.1;32;3;10;
83702;01/12/2015;0000;21.5;21.1;96;939.4;32;2;10;
83702;01/12/2015;1200;23.2;22.7;96;939.8;5;4;10;
83702;01/12/2015;1800;28.4;26.1;77;938;5;4;10;
83702;02/12/2015;0000;22;21.1;91;940.3;5;3;10;
83702;02/12/2015;1200;22.6;21.7;92;939.8;32;2;10;
83702;02/12/2015;1800;27.1;24.7;81;936.7;32;4;10;
83702;03/12/2015;0000;21;20.7;97;937.6;5;1;10;
83702;03/12/2015;1200;24;21.2;78;939.1;5;3;10;
83702;03/12/2015;1800;29.9;25.1;67;937.9;5;4;10;
83702;04/12/2015;0000;24.2;23.2;90;935.9;5;3;10;
83702;04/12/2015;1200;20.6;20.5;99;936.5;5;3;10;
83702;04/12/2015;1800;18;17.9;99;938.4;14;3;10;
83702;05/12/2015;0000;17.5;15.1;76;935.4;5;4;10;
83702;05/12/2015;1200;20;18.6;99;937.4;5;3;10;
83702;05/12/2015;1800;20;19.9;99;935.3;5;4;10;
83702;06/12/2015;0000;19;18.9;99;939.7;5;4;10;
83702;06/12/2015;1200;22;21.1;90;937.5;5;3;10;
83702;06/12/2015;1800;25.5;23.1;85;936.3;14;3;10;
83702;07/12/2015;0000;23;21.1;80;938.2;14;2;10;
83702;07/12/2015;1200;24;20.7;74;937;14;2;8;
83702;07/12/2015;1800;28.9;22.7;58;936.2;23;2;10;
83702;08/12/2015;0000;24.6;21.5;76;935.9;14;1;3;
83702;08/12/2015;1200;26.9;23.3;74;937.1;5;2;4;
83702;08/12/2015;1800;31.5;24.3;54;936.2;5;1;10;
83702;09/12/2015;0000;26.3;23.3;77;935.4;5;2;0;
83702;09/12/2015;1200;27.4;25.1;81;939;5;4;0;
83702;09/12/2015;1800;31.9;26.1;61;935.8;5;5;10;
83702;10/12/2015;0000;26;24.1;82;935.8;5;5;10;
83702;10/12/2015;1200;18.2;18.1;99;937.1;5;1;10;
83702;10/12/2015;1800;26;23.1;78;934.8;23;3;10;
83702;11/12/2015;0000;23;22.1;90;938.2;23;2;10;
83702;11/12/2015;1200;22.2;21.5;93;938.1;32;4;10;
83702;11/12/2015;1800;28.9;25.1;72;935.6;23;3;10;
83702;12/12/2015;0000;25.5;24.1;86;934.7;5;2;10;
83702;12/12/2015;1200;17.4;17.3;99;939.6;14;5;10;
83702;12/12/2015;1800;20.4;19.7;93;935.6;5;4;8;
83702;13/12/2015;0000;19.8;19.5;97;934.4;5;3;0;
83702;13/12/2015;1200;22.5;20.1;76;936.4;5;3;10;
83702;13/12/2015;1800;31.9;25.1;56;935.2;5;3;10;
83702;14/12/2015;0000;25;23.1;86;936.2;5;2;10;
83702;14/12/2015;1200;27.1;23.1;71;934.9;5;3;3;
83702;14/12/2015;1800;32.1;24.5;52;933.5;5;3;6;
83702;15/12/2015;0000;26;22.7;74;931.7;5;1;0;
83702;15/12/2015;1200;18;17.6;94;941.5;5;3;10;
83702;15/12/2015;1800;23;22.2;91;940.4;5;2;10;
83702;16/12/2015;0000;21;20.9;99;939.1;5;3;10;
83702;16/12/2015;1200;25.8;22.5;75;938;5;1;10;
83702;16/12/2015;1800;29.1;24.5;68;936.3;5;2;10;
83702;17/12/2015;0000;24;22.3;85;936.6;5;1;0;
83702;17/12/2015;1200;25;22.6;81;938.2;5;3;10;
83702;17/12/2015;1800;31.9;26.1;61;936;5;3;10;
83702;18/12/2015;0000;25;23.1;85;935.5;5;2;6;
83702;18/12/2015;1200;29.3;23.7;61;936.6;5;3;8;
83702;18/12/2015;1800;31.5;23.9;51;934.5;5;3;10;
83702;19/12/2015;0000;25.6;22.7;79;935.5;5;2;1;
83702;19/12/2015;1200;26;23.1;72;939.3;5;3;10;
83702;19/12/2015;1800;18.5;18.1;96;936.8;5;3;10;
83702;20/12/2015;0000;20;19.8;99;938.5;32;4;10;
83702;20/12/2015;1200;25;23.3;84;940.6;5;3;10;
83702;20/12/2015;1800;28.9;25.1;72;939.2;5;2;10;
83702;21/12/2015;0000;25;23.1;85;938.9;5;2;10;
83702;21/12/2015;1200;23;22.1;91;939;32;3;10;
83702;21/12/2015;1800;30.4;26.1;70;936.6;32;3;10;
83702;22/12/2015;0000;25;22.1;78;936.2;32;2;10;
83702;22/12/2015;1200;26;23.1;78;936.7;36;3;10;
83702;22/12/2015;1800;30.9;25.6;63;934.4;36;3;10;
83702;23/12/2015;0000;26;23.1;78;934.2;36;2;10;
83702;23/12/2015;1200;26.9;24.6;81;937.2;5;2;10;
83702;23/12/2015;1800;30.9;25.3;61;934.5;5;2;10;
83702;24/12/2015;0000;27.9;23.1;66;936.3;5;3;10;
83702;24/12/2015;1200;27.9;26.1;87;938.7;5;3;10;
83702;24/12/2015;1800;23;22.9;98;937.9;5;2;10;
83702;25/12/2015;0000;22;21.6;96;938.1;5;2;10;
83702;25/12/2015;1200;26.4;25.1;85;937.1;36;3;10;
83702;25/12/2015;1800;29.9;26.1;74;936.4;5;4;10;
83702;26/12/2015;0000;26.9;25.1;82;938.2;5;2;10;
83702;26/12/2015;1200;23;20.1;76;939.4;5;3;10;
83702;26/12/2015;1800;29.9;27.1;81;936.9;36;2;10;
83702;27/12/2015;0000;26.9;25.1;82;936;5;2;10;
83702;27/12/2015;1200;26.9;23.1;71;937.9;32;3;7;
83702;27/12/2015;1800;26.4;23.1;78;934.7;32;4;7;
83702;28/12/2015;0000;22.5;21.8;94;936.4;32;2;8;
83702;28/12/2015;1200;22.5;21.1;86;936.6;5;2;10;
83702;28/12/2015;1800;27.9;25.1;80;933.9;5;3;10;
83702;29/12/2015;0000;25;23.1;83;936.4;5;3;9;
83702;29/12/2015;1200;26;23.3;79;939.2;23;3;10;
83702;29/12/2015;1800;24.5;23.1;87;935.3;23;4;10;
83702;30/12/2015;0000;24;23.1;92;936.1;23;3;10;
83702;30/12/2015;1200;23.5;22.1;86;938.6;5;3;10;
83702;30/12/2015;1800;26.9;25.1;82;938.3;5;2;9;
83702;31/12/2015;0000;24.5;24.1;96;935.3;5;2;10;
83702;31/12/2015;1200;26;23.1;71;937.4;5;3;10;
83702;31/12/2015;1800;29.9;26.1;74;934.8;5;3;10;
83702;01/01/2016;0000;25;24.6;96;938.5;5;2;10;
83702;01/01/2016;1200;22;;98;936.9;32;2.05776;10;
83702;01/01/2016;1800;28;;80;935.1;32;3.08664;10;
83702;02/01/2016;0000;25;;82;936.8;32;3.08664;10;
83702;02/01/2016;1200;26;;81;939.6;5;2.05776;10;
83702;02/01/2016;1800;24;;94;936.2;5;3.08664;10;
83702;03/01/2016;0000;24;;96;937.3;5;2.05776;8.75;
83702;03/01/2016;1200;26;;92;938.4;5;3.08664;10;
83702;03/01/2016;1800;29;;81;935.8;5;2.05776;10;
83702;04/01/2016;0000;25.5;;85;936.6;5;3.08664;10;
83702;04/01/2016;1200;26;;99;937.3;5;3.08664;10;
83702;04/01/2016;1800;24;;94;936.2;5;3.08664;10;
83702;05/01/2016;0000;23;;96;935.7;5;4.11552;10;
83702;05/01/2016;1200;25;;82;938.9;5;3.08664;;
83702;05/01/2016;1800;32;;52;936.3;5;4.11552;;
83702;06/01/2016;0000;25;;90;937.1;5;3.08664;;
83702;06/01/2016;1200;21;;93;938;32;3.08664;;
83702;06/01/2016;1800;26.1;;75;936.3;23;3.08664;10;
83702;07/01/2016;0000;23.4;;87;936.4;23;1.02888;1.25;
83702;07/01/2016;1200;24;;80;937.3;23;2.05776;;
83702;07/01/2016;1800;28.5;;65;935.7;32;3.08664;;
83702;08/01/2016;0000;25;;80;935.2;32;2.05776;;
83702;08/01/2016;1200;26.5;;83;933.8;14;4.11552;10;
83702;08/01/2016;1800;29.1;;66;930.2;5;1.02888;10;
83702;09/01/2016;0000;23;;97;936.6;32;3.08664;;
83702;09/01/2016;1200;23;;95;934.7;32;2.05776;;
83702;09/01/2016;1800;25.5;;85;931.9;32;3.08664;;
83702;10/01/2016;0000;23;;97;935.5;32;2.05776;;
83702;10/01/2016;1200;23.6;;91;931.8;5;2.05776;;
83702;10/01/2016;1800;26.1;;84;929.6;5;3.08664;;
83702;11/01/2016;0000;23;;97;933.5;5;3.08664;;
83702;11/01/2016;1200;23.2;;99;943;32;4.11552;;
83702;11/01/2016;1800;26;;95;934.8;32;3.08664;;
83702;12/01/2016;0000;24.5;;85;931.9;32;3.08664;;
83702;12/01/2016;1200;25;;90;932.8;32;5.1444;;
83702;12/01/2016;1800;27.5;;78;932;32;5.1444;10;
83702;13/01/2016;0000;24;;92;931.3;5;1.02888;1.25;
83702;13/01/2016;1200;24;;80;935;5;3.08664;;
83702;13/01/2016;1800;28;;72;933.6;5;4.11552;;
83702;14/01/2016;0000;25.2;;89;934;14;1.02888;0;
83702;14/01/2016;1200;22;;97;935.6;14;3.08664;;
83702;14/01/2016;1800;23;;99;931.8;14;1.02888;10;
83702;15/01/2016;0000;22.6;;86;933.2;14;1.02888;3.75;
83702;15/01/2016;1200;22.5;;96;936.7;14;2.05776;;
83702;15/01/2016;1800;26.5;;87;932.5;14;2.05776;;
83702;16/01/2016;0000;26;;92;936.3;14;2.05776;;
83702;16/01/2016;1200;25.8;;84;935.4;9;2.05776;10;
83702;16/01/2016;1800;31.5;;57;934.3;14;2.05776;10;
83702;17/01/2016;0000;25;;69;933.4;5;1.02888;0;
83702;17/01/2016;1200;24;;72;936.4;5;3.08664;3.75;
83702;17/01/2016;1800;30.5;;54;936;14;1.02888;3.75;
83702;18/01/2016;0000;23.8;;66;935.8;14;1.02888;0;
83702;18/01/2016;1200;26;;62;936.7;14;3.08664;8.75;
83702;18/01/2016;1800;31.1;;43;935.1;32;3.08664;10;
83702;19/01/2016;0000;25.4;;59;935.9;9;1.02888;0;
83702;19/01/2016;1200;24.8;;65;937.3;5;3.08664;0;
83702;19/01/2016;1800;31.3;;43;935.5;18;3.08664;3.75;
83702;20/01/2016;0000;25.4;;54;934.9;23;1.02888;0;
83702;20/01/2016;1200;24.6;;68;937.2;5;2.05776;0;
83702;20/01/2016;1800;32.1;;34;935.9;36;5.1444;0;
83702;21/01/2016;0000;26;;38;935.7;14;2.05776;0;
83702;21/01/2016;1200;25;;66;937.5;5;3.08664;0;
83702;21/01/2016;1800;32.1;;38;936.5;36;3.08664;1.25;
83702;22/01/2016;0000;24.8;;55;937;14;1.02888;0;
83702;22/01/2016;1200;23.8;;66;940;5;3.08664;0;
83702;22/01/2016;1800;31.1;;45;936.8;14;2.05776;3.75;
83702;23/01/2016;0000;25.2;;60;936.7;9;1.02888;0;
83702;23/01/2016;1200;24.4;;70;939.8;5;3.08664;0;
83702;23/01/2016;1800;32.5;;40;936.1;5;3.08664;7.5;
83702;24/01/2016;0000;26.1;;53;936.2;14;2.05776;0;
83702;24/01/2016;1200;26.7;;56;936.2;5;3.08664;1.25;
83702;24/01/2016;1800;34.3;;39;932;32;3.08664;8.75;
83702;25/01/2016;0000;27.7;;59;931.4;5;1.02888;0;
83702;25/01/2016;1200;28.3;;71;936.2;36;1.02888;1.25;
83702;25/01/2016;1800;33.5;;44;934.2;32;3.08664;10;
83702;26/01/2016;0000;25.2;;84;933.6;36;1.02888;0;
83702;26/01/2016;1200;28.5;;72;934.2;32;2.05776;3.75;
83702;26/01/2016;1800;33.1;;52;931.9;32;3.08664;3.75;
83702;27/01/2016;0000;19.8;;99;937.4;18;4.11552;10;
83702;27/01/2016;1200;20.8;;97;937;0;0;;
83702;27/01/2016;1800;27.7;;65;935.3;32;1.02888;5;
83702;28/01/2016;0000;23.6;;91;935.5;32;1.02888;2.5;
83702;28/01/2016;1200;24.8;;86;937.5;5;1.02888;;
83702;28/01/2016;1800;30.5;;60;935.9;5;1.02888;10;
83702;29/01/2016;0000;27.7;;77;935.5;23;1.02888;2.5;
83702;29/01/2016;1200;26.7;;80;937.9;5;3.08664;10;
83702;29/01/2016;1800;32.9;;51;934.5;9;1.02888;10;
83702;30/01/2016;0000;25.8;;87;934.8;5;1.02888;1.25;
83702;30/01/2016;1200;23;;96;936;5;1.02888;;
83702;30/01/2016;1800;23.2;;99;934.1;14;1.02888;;
83702;31/01/2016;0000;22.4;;99;936;5;2.05776;;
83702;31/01/2016;1200;23.2;;94;937.7;32;2.05776;;
83702;31/01/2016;1800;23;;96;936.4;32;5.1444;;
83702;01/02/2016;0000;21.6;;99;938.4;5;1.02888;8.75;
83702;01/02/2016;1200;22.2;;93;940.6;32;2.05776;;
83702;22/04/2017;1200;20.4;20.3;99;940;23;2;10;
83702;22/04/2017;1800;27.5;22.3;63;938.7;14;3;8;
83702;23/04/2017;0000;19.6;19.3;97;937.6;23;1;0;
83702;24/04/2017;1200;;;;;;;0;
83702;25/04/2017;0000;;;;;;;0;