--------------------
BDMEP - INMET
--------------------
Estação           : TERESINA - PI (OMM: 82578)
Latitude  (graus) : -5.08
Longitude (graus) : -42.81
Altitude  (metros): 74.36
Estação Operante
Inicio de operação: 21/03/1911
Periodo solicitado dos dados: 01/01/2015 a 28/02/2018
Os dados listados abaixo são os que encontram-se digitados no BDMEP
Hora em UTC
--------------------
Obs.: Os dados aparecem separados por ; (ponto e vírgula) no formato txt.
      Para o formato planilha XLS, siga as instruções
--------------------
Estacao;Data;Hora;TempBulboSeco;TempBulboUmido;UmidadeRelativa;PressaoAtmEstacao;DirecaoVento;VelocidadeVentoNebulosidade;
82578;01/01/2015;0000;24;22;83;1004.1;5;0.5;10;
82578;01/01/2015;1200;25.2;23.8;87;1006.2;5;1.3;10;
82578;01/01/2015;1800;33.4;25.7;50;1001.5;14;0.8;6;
82578;02/01/2015;0000;28.2;24.7;73;1003;23;3.3;5;
82578;02/01/2015;1200;25.5;24;89;1005.4;23;0.5;10;
82578;02/01/2015;1800;32.8;25.6;55;1002;5;1.8;8;
82578;03/01/2015;0000;27.4;25.3;84;1002.9;9;0.3;6;
82578;03/01/2015;1200;26.4;24.4;84;1005;27;1.1;10;
82578;03/01/2015;1800;26.8;25.2;86;1002.2;27;0.8;10;
82578;04/01/2015;0000;22.8;22.2;94;1003.8;0;0;7;
82578;04/01/2015;1200;25.5;23.9;87;1006.6;23;2;9;
82578;04/01/2015;1800;29.3;24.6;67;1001.7;23;0.7;10;
82578;05/01/2015;0000;23.5;23;77;1005.7;0;0;10;
82578;05/01/2015;1200;25.2;23;81;1006.7;32;1.6;10;
82578;05/01/2015;1800;31.8;25.2;56;1003.4;23;1;6;
82578;06/01/2015;0000;27.7;24.6;76;1004.4;23;0.8;8;
82578;06/01/2015;1200;26.6;23.6;77;1006.2;23;1.3;8;
82578;07/01/2015;0000;27.2;25.2;84;1003.8;0;0;8;
82578;07/01/2015;1200;22.8;22.4;96;1006.6;5;0.8;10;
82578;08/01/2015;0000;25;24.4;96;1002.1;27;0.3;10;
82578;08/01/2015;1200;27.2;24.2;77;1005.1;27;3.3;8;
82578;09/01/2015;0000;27.8;25.3;81;1002;5;1.3;4;
82578;09/01/2015;1200;27.5;24.5;76;1005.6;0;0;1;
82578;10/01/2015;0000;27.8;25.6;83;1001.9;0;0;2;
82578;10/01/2015;1200;26.6;24.2;81;1006.2;5;2;10;
82578;11/01/2015;0000;28.6;25.6;78;1002.4;0;0;5;
82578;11/01/2015;1200;27.8;24.7;77;1005.4;14;1.6;10;
82578;12/01/2015;0000;27.8;25.4;82;1002.2;0;0;4;
82578;12/01/2015;1200;28.2;24.4;71;1006.2;27;3.3;8;
82578;13/01/2015;0000;28.4;24.3;70;1002.3;36;0.5;3;
82578;13/01/2015;1200;27.6;24.5;76;1004.4;36;1.6;8;
82578;14/01/2015;0000;27;24.4;79;1001.4;0;0;8;
82578;14/01/2015;1200;27.2;24.2;77;1004.9;5;1.3;10;
82578;15/01/2015;0000;26;24.8;90;1001.9;0;0;0;
82578;15/01/2015;1200;27.6;24;72;1005.2;14;1.6;10;
82578;16/01/2015;0000;27.8;24.8;77;1002;32;1;0;
82578;16/01/2015;1200;28.2;23.5;65;1005.6;32;3.3;9;
82578;17/01/2015;0000;27.6;24;72;1002;0;0;3;
82578;17/01/2015;1200;27.2;25;83;1005;5;1.6;9;
82578;18/01/2015;0000;28.6;25.4;77;1002;0;0;0;
82578;18/01/2015;1200;27.4;24.4;76;1005.4;9;1;10;
82578;19/01/2015;0000;28.2;24;68;1003.5;14;2.8;10;
82578;19/01/2015;1200;25.6;24.6;90;1005.3;14;0.5;10;
82578;20/01/2015;0000;25.8;24.2;86;1002;0;0;1;
82578;20/01/2015;1200;27.6;24.5;76;1003.4;27;1.1;5;
82578;21/01/2015;0000;26.6;23;73;1000.7;36;0.5;8;
82578;21/01/2015;1200;26.8;24;77;1005.3;36;1.1;10;
82578;22/01/2015;0000;27.2;24.6;80;1002.4;0;0;8;
82578;22/01/2015;1200;24.6;23.2;87;1005.3;27;0.3;10;
82578;23/01/2015;0000;26.4;24.1;81;1002.2;27;0.8;3;
82578;23/01/2015;1200;26.4;24;80;1005.8;27;1.1;10;
82578;24/01/2015;0000;26.8;25.1;85;1002.7;0;0;10;
82578;24/01/2015;1200;27.6;24.2;74;1004.1;14;1.6;10;
82578;25/01/2015;0000;28.8;26.8;83;1002;0;0;8;
82578;25/01/2015;1200;26;24.4;87;1004.6;5;0.7;10;
82578;26/01/2015;0000;27.2;24.3;78;1002.5;5;0.7;10;
82578;26/01/2015;1200;28.2;24.8;74;1005.7;5;0.8;10;
82578;27/01/2015;0000;27.4;24.8;78;1001.9;27;0.3;2;
82578;27/01/2015;1200;27.4;23.6;70;1005;27;0.3;10;
82578;28/01/2015;0000;28.8;24.5;68;1000.9;0;0;5;
82578;28/01/2015;1200;27.6;24.2;74;1003.9;36;1.3;8;
82578;29/01/2015;0000;30.2;25.2;64;1000.5;27;0.7;0;
82578;29/01/2015;1200;27.2;24;76;1004.1;27;1.6;8;
82578;30/01/2015;0000;30.6;25.6;66;1001;27;1.6;8;
82578;30/01/2015;1200;27.4;23.7;71;1004;32;0.8;1;
82578;31/01/2015;0000;29.6;25.6;70;1000.8;32;3.3;10;
82578;31/01/2015;1200;28;24.5;72;1003.9;5;0.5;4;
82578;01/02/2015;0000;30.2;25.7;67;1001;27;1;10;
82578;01/02/2015;1200;28.4;24.4;70;1004.1;9;2.3;4;
82578;01/02/2015;1800;36.2;25.6;40;999.6;9;1.3;6;
82578;02/02/2015;0000;25.8;24.6;91;1003.8;23;3;10;
82578;02/02/2015;1200;25.8;24.5;89;1004.4;23;2;10;
82578;02/02/2015;1800;33.2;25.8;53;1000.4;23;1.5;8;
82578;03/02/2015;0000;25.8;23.6;82;1003.8;9;3;10;
82578;03/02/2015;1200;24;23.4;95;1006.4;9;1.6;10;
82578;03/02/2015;1800;31.4;25.8;63;1001.4;23;1.3;6;
82578;04/02/2015;0000;23.4;22.2;90;1005.6;14;2.1;10;
82578;04/02/2015;1200;24.8;23.2;87;1005.9;9;0.5;10;
82578;04/02/2015;1800;30.8;25.7;65;1001.2;9;0.8;10;
82578;05/02/2015;0000;23;22.3;94;1004.4;5;3.6;10;
82578;05/02/2015;1200;24;22.2;85;1005.5;18;0.8;8;
82578;05/02/2015;1800;31.4;24.4;54;1002;9;1.6;8;
82578;06/02/2015;0000;26.2;25;90;1001.8;0;0;3;
82578;06/02/2015;1200;28;25;77;1003.8;5;2.5;8;
82578;06/02/2015;1800;33.2;25.4;51;999.1;5;0.8;6;
82578;07/02/2015;0000;27;25.6;89;1000.4;0;0;0;
82578;07/02/2015;1200;26;24;84;1003.8;5;0.5;10;
82578;07/02/2015;1800;33.6;25.2;49;1000.1;9;1.1;6;
82578;08/02/2015;0000;27.2;25.6;88;1000.7;0;0;0;
82578;08/02/2015;1200;27.6;25.8;86;1004.2;9;0.8;10;
82578;08/02/2015;1800;31.4;25.2;59;1001.2;18;1.3;10;
82578;09/02/2015;0000;28;25.3;80;1000.8;23;1.1;2;
82578;09/02/2015;1200;28.6;25.6;78;1003;23;2;3;
82578;09/02/2015;1800;34.8;25.6;46;999.9;18;1.6;8;
82578;10/02/2015;0000;28.6;25.7;78;999.7;9;0.3;8;
82578;10/02/2015;1200;26.7;24.7;84;1004.2;14;1.6;10;
82578;10/02/2015;1800;33;26.7;60;1001.1;23;2;10;
82578;11/02/2015;0000;29.4;25.6;72;1001.5;27;1.8;8;
82578;11/02/2015;1200;27;25;84;1005.4;36;1.6;10;
82578;11/02/2015;1800;29.4;26.6;80;1002.5;14;1.1;10;
82578;12/02/2015;0000;25;24;92;1003;0;0;3;
82578;12/02/2015;1200;26.8;24.6;83;1007.2;14;0.7;8;
82578;12/02/2015;1800;33;25.2;81;1003.1;14;1.3;5;
82578;13/02/2015;0000;27.2;25.2;85;1002.8;0;0;4;
82578;13/02/2015;1200;28.4;24.6;73;1006.1;9;1.3;0;
82578;13/02/2015;1800;35;26.4;49;1001.9;9;1.3;5;
82578;14/02/2015;0000;28;25.8;83;1002.7;0;0;3;
82578;14/02/2015;1200;26.2;23.4;78;1006.2;23;0.7;3;
82578;14/02/2015;1800;33;26;56;1002.1;9;1;5;
82578;15/02/2015;0000;24;23;91;1003.6;23;1.3;2;
82578;15/02/2015;1200;27.6;25.4;83;1005.2;14;2.8;8;
82578;15/02/2015;1800;33.4;26;54;1001.3;14;2.5;6;
82578;16/02/2015;0000;28;26;85;1002.5;18;1.3;8;
82578;16/02/2015;1200;25.2;24;90;1005.2;0;0;10;
82578;16/02/2015;1800;32;25.6;59;1002.1;23;1.6;8;
82578;17/02/2015;0000;24.6;24;95;1002.7;0;0;0;
82578;17/02/2015;1200;27.6;25;80;1003.8;14;0.8;5;
82578;17/02/2015;1800;33.6;26;52;999.7;27;1.6;6;
82578;18/02/2015;0000;27.4;24.8;80;1000.7;36;1.6;3;
82578;18/02/2015;1200;25.6;24.6;92;1003.7;36;0.7;10;
82578;18/02/2015;1800;31;26.4;68;999.5;23;0.5;8;
82578;19/02/2015;0000;28;25.4;80;1000.7;18;1;8;
82578;19/02/2015;1200;23.4;23;96;1005.1;18;0.3;10;
82578;19/02/2015;1800;27;24.4;80;1001.8;18;1.3;10;
82578;20/02/2015;0000;24.8;23.2;87;1002.8;36;2.5;5;
82578;20/02/2015;1200;23;21.8;90;1004.5;9;0.3;10;
82578;20/02/2015;1800;29.2;25.7;74;1001.8;9;0.7;9;
82578;21/02/2015;0000;25.8;24.4;89;1002.5;0;0;10;
82578;21/02/2015;1200;26.2;24.3;83;1004.7;23;1.6;10;
82578;21/02/2015;1800;29.2;25.2;71;1001.9;23;1.3;10;
82578;22/02/2015;0000;25.6;24.6;92;1003.2;23;1;10;
82578;22/02/2015;1200;22.6;22.2;96;1005.1;23;0.8;10;
82578;22/02/2015;1800;26.8;23.2;73;1001.9;27;0.8;10;
82578;23/02/2015;0000;24.2;23.1;91;1002.8;0;0;10;
82578;23/02/2015;1200;22.6;22;95;1005.7;32;1;10;
82578;23/02/2015;1800;28;24.4;73;1002;23;0.5;5;
82578;24/02/2015;0000;24.2;23;90;1004;18;0.5;10;
82578;24/02/2015;1200;25.4;23.8;87;1006.3;14;0.3;10;
82578;24/02/2015;1800;32.2;25.6;58;1002.1;9;1.3;6;
82578;25/02/2015;0000;24.2;23.8;96;1004.6;36;1.1;5;
82578;25/02/2015;1200;27.4;25;81;1005.4;5;1.6;3;
82578;25/02/2015;1800;32;26.6;64;1001;18;1;6;
82578;26/02/2015;0000;24.4;24;97;1003.3;0;0;10;
82578;26/02/2015;1200;26.8;25;86;1004.6;23;0.8;10;
82578;26/02/2015;1800;32.2;26.2;61;1000.5;5;0.8;5;
82578;27/02/2015;0000;27;25.8;90;1002.5;0;0;0;
82578;27/02/2015;1200;27;24.6;82;1004.2;5;1.3;8;
82578;27/02/2015;1800;31.4;26.2;65;1000.8;27;0.3;10;
82578;28/02/2015;0000;26.2;25;90;1003.6;0;0;0;
82578;28/02/2015;1200;26.2;23.8;81;1005.7;14;0.8;10;
82578;28/02/2015;1800;31;26;66;1001.4;0;0;6;
82578;01/03/2015;0000;23.6;22.4;88;1003.7;5;1;10;
82578;01/03/2015;1200;25.4;24;89;1005.6;14;0.8;10;
82578;01/03/2015;1800;31.2;25.4;61;1001.1;32;1;5;
82578;02/03/2015;0000;26;24.8;90;1004.2;5;1.6;6;
82578;02/03/2015;1200;27;24.8;83;1005.2;5;1.1;10;
82578;02/03/2015;1800;28;25.2;79;1000.7;14;1.6;10;
82578;03/03/2015;0000;25;24;92;1003;36;2.5;10;
82578;03/03/2015;1200;26;24;84;1004.5;14;0.8;10;
82578;04/03/2015;0000;26;25;92;1002;0;0;2;
82578;04/03/2015;1200;26.2;24.4;86;1004.8;36;0.5;6;
82578;05/03/2015;0000;26.2;24.4;86;1002.3;0;0;8;
82578;05/03/2015;1200;26.2;24.2;85;1004.6;5;1.6;10;
82578;06/03/2015;0000;21.4;21;96;1003.7;14;0.8;10;
82578;06/03/2015;1200;24.8;23.4;89;1004.6;14;2;8;
82578;07/03/2015;0000;25;23.2;86;1003.1;36;1.8;5;
82578;07/03/2015;1200;25.2;24.2;92;1005;18;0.8;10;
82578;08/03/2015;0000;25.8;24.4;89;1002.8;0;0;10;
82578;08/03/2015;1200;26;24.4;87;1004;32;1;6;
82578;09/03/2015;0000;23;22;91;1004;9;1.3;10;
82578;09/03/2015;1200;26.6;25;87;1003.9;9;1.8;5;
82578;10/03/2015;0000;26.2;24.4;86;1001.2;0;0;2;
82578;10/03/2015;1200;27.2;25;83;1004.4;5;1.5;8;
82578;11/03/2015;0000;23.8;23.4;97;1002.4;32;0.8;10;
82578;11/03/2015;1200;27;25;84;1004.2;18;1.3;6;
82578;12/03/2015;0000;27;25;84;1001.5;36;1;2;
82578;12/03/2015;1200;28.2;25.8;82;1003.4;18;0.7;3;
82578;13/03/2015;0000;28.4;25;75;1001.3;32;1;10;
82578;13/03/2015;1200;28;25.6;83;1002.4;9;1;4;
82578;14/03/2015;0000;26.2;25;90;999.5;0;0;0;
82578;14/03/2015;1200;29.6;25;67;1002.2;9;2;0;
82578;15/03/2015;0000;25.6;24.4;90;1000.1;23;1.6;4;
82578;15/03/2015;1200;27.6;25.2;82;1004;14;1.6;10;
82578;16/03/2015;0000;26.8;26;94;1000.7;0;0;0;
82578;16/03/2015;1200;28.4;25.4;77;1004.2;14;1;8;
82578;17/03/2015;0000;27.8;26.2;87;1001.3;0;0;4;
82578;17/03/2015;1200;28;25.8;83;1003.8;5;1.8;6;
82578;18/03/2015;0000;27;24.4;80;1002.7;14;1.3;6;
82578;18/03/2015;1200;28;25;77;1004.6;36;1;8;
82578;19/03/2015;0000;26.6;25.2;89;1002.7;36;0.3;4;
82578;19/03/2015;1200;28;25.2;79;1003.6;14;1.6;4;
82578;20/03/2015;0000;28;26;85;1000.6;18;0.3;4;
82578;20/03/2015;1200;23.8;23;93;1004.2;32;0.3;10;
82578;21/03/2015;0000;25.4;24.8;95;1002;0;0;3;
82578;21/03/2015;1200;25.2;23;82;1004.8;18;0.3;10;
82578;22/03/2015;0000;24;23.4;95;1004.1;9;1.3;10;
82578;22/03/2015;1200;24.6;23.4;90;1005.6;14;1;10;
82578;23/03/2015;0000;25;24;92;1005;0;0;8;
82578;23/03/2015;1200;27;24.6;82;1008.2;5;2.1;8;
82578;24/03/2015;0000;26;24.8;90;1005.6;0;0;6;
82578;24/03/2015;1200;25;24.2;94;1007.8;23;0.5;10;
82578;25/03/2015;0000;26;25;92;1004.1;14;0.8;3;
82578;25/03/2015;1200;26.4;24.4;84;1006.4;32;0.7;8;
82578;26/03/2015;0000;25;24;92;1005.8;5;5;10;
82578;26/03/2015;1200;25;24.2;94;1006.1;32;1;10;
82578;27/03/2015;0000;26;25.2;94;1004;0;0;0;
82578;27/03/2015;1200;27.4;25;81;1007.4;32;2.5;8;
82578;28/03/2015;0000;25;24;92;1005.7;0;0;0;
82578;28/03/2015;1200;25.4;24.4;92;1008.2;5;1.6;10;
82578;29/03/2015;0000;24.8;23.6;91;1004.6;0;0;0;
82578;29/03/2015;1200;27.2;25;83;1006.6;5;2.6;5;
82578;30/03/2015;0000;26.4;25.4;92;1002.7;0;0;3;
82578;30/03/2015;1200;26;24.8;90;1006.1;0;0;10;
82578;31/03/2015;0000;25;24.4;93;1004.6;0;0;10;
82578;31/03/2015;1200;26.8;25;86;1005.6;32;1.6;10;
82578;01/04/2015;0000;23.8;23.2;95;1004.1;14;0.8;10;
82578;01/05/2015;1200;28;25.6;85;1003.5;14;1.6;6;
82578;02/05/2015;0000;27;25.4;87;1002.1;0;0;0;
82578;02/05/2015;1200;24;23.4;95;1004.4;18;1.8;10;
82578;03/05/2015;0000;26.4;25.6;94;1001.9;0;0;10;
82578;03/05/2015;1200;26.2;25.6;95;1004.8;18;0.8;8;
82578;04/05/2015;0000;23.8;23.2;95;1004;27;0.3;10;
82578;04/05/2015;1200;26.4;25;89;1006;14;1.5;10;
82578;05/05/2015;0000;26.6;24.4;83;1003.6;14;0.7;8;
82578;05/05/2015;1200;26.8;25;86;1005.8;14;1;10;
82578;06/05/2015;0000;26.4;25.4;92;1002.9;0;0;2;
82578;06/05/2015;1200;24.4;23.4;92;1005.6;0;0;10;
82578;07/05/2015;0000;26.2;25;90;1003;0;0;4;
82578;07/05/2015;1200;26;24.4;87;1005;14;0.5;8;
82578;08/05/2015;0000;25;24.2;94;1004.2;0;0;4;
82578;08/05/2015;1200;25.4;24.2;91;1007;14;0.5;8;
82578;09/05/2015;0000;25.6;25;95;1003.9;0;0;0;
82578;09/05/2015;1200;28;25.4;80;1006.8;9;1.6;4;
82578;10/05/2015;0000;26;25;92;1003.8;0;0;0;
82578;10/05/2015;1200;26;24.4;87;1005.4;9;1.6;10;
82578;11/05/2015;0000;25.6;25;95;1003.2;0;0;0;
82578;11/05/2015;1200;27;24.8;83;1004.8;9;1.6;6;
82578;12/05/2015;0000;26;25;92;1003.2;0;0;0;
82578;12/05/2015;1200;26;25;92;1005.2;14;1.3;8;
82578;13/05/2015;0000;26;25;92;1003.2;0;0;0;
82578;13/05/2015;1200;28.4;26;82;1005;5;1.3;6;
82578;14/05/2015;0000;26.2;25;90;1003.2;0;0;6;
82578;14/05/2015;1200;26.8;25.2;88;1005.4;18;0.8;10;
82578;15/05/2015;0000;25.8;24.8;92;1002.7;0;0;0;
82578;15/05/2015;1200;28.4;25;75;1005.4;9;3;4;
82578;16/05/2015;0000;25.8;25;94;1003.6;0;0;0;
82578;16/05/2015;1200;28;24;70;1006.6;14;2;1;
82578;17/05/2015;0000;26;24.6;89;1004.6;0;0;0;
82578;17/05/2015;1200;27.8;24.4;74;1007.1;18;0.8;3;
82578;18/05/2015;0000;25.8;24.4;89;1004;0;0;0;
82578;18/05/2015;1200;26.6;24.6;85;1005.7;14;0.8;8;
82578;19/05/2015;0000;26;24.8;90;1003.8;0;0;4;
82578;19/05/2015;1200;28;25.6;83;1005.8;9;0.8;6;
82578;20/05/2015;0000;27.2;25;83;1003.9;0;0;0;
82578;20/05/2015;1200;25.6;24.8;93;1006;5;0.7;10;
82578;21/05/2015;0000;26.6;25.4;90;1003.9;0;0;2;
82578;21/05/2015;1200;27.4;25.2;83;1007.4;14;0.3;6;
82578;22/05/2015;0000;26;24.6;89;1004.8;0;0;4;
82578;22/05/2015;1200;26;25;92;1007.9;14;0.3;8;
82578;23/05/2015;0000;26;25;92;1004.8;5;0.3;3;
82578;23/05/2015;1200;28;25;77;1006.7;14;2.5;3;
82578;24/05/2015;0000;25.2;24.4;93;1004.3;0;0;4;
82578;24/05/2015;1200;27;25;84;1005.8;14;3.3;3;
82578;25/05/2015;0000;26.4;25;89;1003.2;9;0.8;0;
82578;25/05/2015;1200;28.2;25;76;1005.8;18;0.8;6;
82578;26/05/2015;0000;26.2;25;90;1002.6;0;0;2;
82578;26/05/2015;1200;27.2;25;83;1005.3;14;1;5;
82578;27/05/2015;0000;26;24.6;89;1003.1;27;0.3;6;
82578;27/05/2015;1200;27.6;25.8;87;1005;5;0.7;8;
82578;28/05/2015;0000;24.8;24.2;95;1004.5;27;0.3;8;
82578;28/05/2015;1200;26.6;24.8;87;1005.8;14;0.5;6;
82578;29/05/2015;0000;26.4;25.4;92;1002.7;0;0;8;
82578;29/05/2015;1200;27.6;25.6;85;1004.2;14;0.3;4;
82578;30/05/2015;0000;26;25.2;94;1001.6;0;0;0;
82578;30/05/2015;1200;27.6;26;88;1004.8;9;1.3;8;
82578;31/05/2015;0000;25.8;24.8;92;1002.7;0;0;0;
82578;31/05/2015;1200;28;25.8;83;1005.4;9;0.8;8;
82578;01/06/2015;0000;25.4;24.4;92;1004.2;0;0;0;
82578;01/06/2015;1200;27;25.4;88;1006.8;14;0.8;8;
82578;02/06/2015;0000;25.6;24.4;91;1003.6;0;0;0;
82578;02/06/2015;1200;27.2;25;83;1005.8;5;0.8;6;
82578;03/06/2015;0000;25.6;24.4;90;1003.2;0;0;0;
82578;03/06/2015;1200;28;25;78;1006.2;14;1.6;8;
82578;04/06/2015;0000;25.6;24.4;91;1003.6;0;0;3;
82578;04/06/2015;1200;27;25;84;1006.4;9;0.8;6;
82578;05/06/2015;0000;26.6;25.6;92;1004.5;0;0;5;
82578;05/06/2015;1200;24.6;23.4;91;1007.7;9;2;10;
82578;06/06/2015;0000;25.8;25;93;1004;0;0;8;
82578;06/06/2015;1200;27.2;24;76;1004.7;14;2.1;2;
82578;07/06/2015;0000;25.2;24.2;92;1003.2;0;0;5;
82578;07/06/2015;1200;28;25.6;83;1005.8;14;0.8;6;
82578;08/06/2015;0000;26.8;25.6;90;1003.9;0;0;8;
82578;08/06/2015;1200;24.4;24;97;1005.6;14;0.8;8;
82578;09/06/2015;0000;26;25;92;1004.5;0;0;4;
82578;09/06/2015;1200;26.2;23;76;1005.4;14;2;5;
82578;10/06/2015;0000;25;24;92;1003.6;0;0;0;
82578;10/06/2015;1200;27.6;25;80;1004.9;14;0.5;3;
82578;11/06/2015;0000;25.6;24.2;89;1003.8;0;0;0;
82578;11/06/2015;1200;28;25.2;80;1004.9;18;1;5;
82578;12/06/2015;0000;25.4;24.4;92;1003.8;0;0;3;
82578;12/06/2015;1200;27;25.2;86;1006.3;32;0.3;6;
82578;13/06/2015;0000;26;25;92;1003.5;0;0;3;
82578;13/06/2015;1200;25.8;25;93;1006;14;1;10;
82578;14/06/2015;0000;26;25;92;1002.9;0;0;0;
82578;14/06/2015;1200;28.2;24.4;72;1005.8;14;1.5;0;
82578;15/06/2015;0000;26;24.6;89;1004.1;0;0;3;
82578;15/06/2015;1200;27.4;24.4;77;1007.2;14;1.6;0;
82578;16/06/2015;0000;25.6;24.4;90;1004;0;0;0;
82578;16/06/2015;1200;27.4;24.8;80;1005.8;14;1.6;2;
82578;17/06/2015;0000;26.6;25;87;1002.9;0;0;6;
82578;17/06/2015;1200;28;25;77;1005.7;14;1.3;3;
82578;18/06/2015;0000;24.6;23;87;1003.6;0;0;0;
82578;18/06/2015;1200;26.6;23.8;78;1006.3;18;1.6;0;
82578;19/06/2015;0000;25.2;23.6;87;1004.3;0;0;4;
82578;19/06/2015;1200;27.4;24.8;80;1007.6;14;1;4;
82578;20/06/2015;0000;25;23.4;88;1004.2;0;0;0;
82578;20/06/2015;1200;27.4;22.4;63;1007.5;14;1.6;0;
82578;21/06/2015;0000;26;24;84;1005.4;0;0;8;
82578;21/06/2015;1200;28;22.8;62;1008.6;14;3.3;0;
82578;22/06/2015;0000;27;25;84;1006.5;0;0;6;
82578;22/06/2015;1200;27.6;21.6;57;1009.4;14;3.1;0;
82578;23/06/2015;0000;24.8;22.4;81;1006.1;0;0;0;
82578;23/06/2015;1200;25.2;23.4;85;1009.7;14;1;10;
82578;24/06/2015;0000;26;23.8;82;1007.6;36;0.3;5;
82578;24/06/2015;1200;26.2;24.4;86;1009.4;14;0.5;10;
82578;25/06/2015;0000;25;24.2;93;1007.6;0;0;0;
82578;25/06/2015;1200;27;24.4;80;1010.2;9;1.6;2;
82578;26/06/2015;0000;25.8;24;85;1007.9;0;0;4;
82578;26/06/2015;1200;26.6;22.2;67;1009.9;14;3.3;4;
82578;27/06/2015;0000;27;24;77;1007.5;36;0.3;6;
82578;27/06/2015;1200;26.4;21.6;63;1010;14;3.3;0;
82578;28/06/2015;0000;24;22.4;86;1007;0;0;0;
82578;28/06/2015;1200;26.8;21.8;62;1008.6;14;3;0;
82578;29/06/2015;0000;25.4;23.4;84;1006.2;0;0;4;
82578;29/06/2015;1200;27.8;23;65;1007.3;14;1.8;3;
82578;30/06/2015;0000;26;25;92;1005;0;0;10;
82578;30/06/2015;1200;27.6;24.8;79;1007.2;18;1;8;
82578;01/07/2015;0000;27.4;24;74;1005.5;0;0;10;
82578;01/07/2015;1200;28.2;23.6;66;1007;14;3.1;6;
82578;02/07/2015;0000;23.6;23;95;1005.6;18;0.3;10;
82578;02/07/2015;1200;27;24;77;1006.2;14;2.8;6;
82578;03/07/2015;0000;26;25;92;1003.6;0;0;8;
82578;03/07/2015;1200;27;25.4;87;1006.4;0;0;5;
82578;04/07/2015;0000;24.2;23.6;95;1005.3;0;0;5;
82578;04/07/2015;1200;23.6;22.8;93;1005.2;9;1;6;
82578;05/07/2015;0000;25.4;24.4;92;1003.5;9;0.8;5;
82578;05/07/2015;1200;26.4;25;89;1006.2;5;0.8;8;
82578;06/07/2015;0000;26;25;92;1003.1;0;0;5;
82578;06/07/2015;1200;26.6;23.8;78;1005.6;14;2;6;
82578;07/07/2015;0000;25.2;24.2;92;1002.9;0;0;3;
82578;07/07/2015;1200;27.2;22;62;1005.3;14;1.6;0;
82578;08/07/2015;0000;25.6;24;87;1003.2;0;0;4;
82578;08/07/2015;1200;26.4;24;81;1007.3;14;0.5;4;
82578;09/07/2015;0000;25.6;24;87;1004;0;0;4;
82578;09/07/2015;1200;28.8;24.4;68;1007.4;9;2.6;0;
82578;10/07/2015;0000;26.6;24.6;84;1004.8;0;0;5;
82578;10/07/2015;1200;27.4;23.6;71;1007.8;14;2.5;0;
82578;11/07/2015;0000;26.4;24;81;1005.5;0;0;0;
82578;11/07/2015;1200;26.8;24;78;1008;14;1.3;2;
82578;12/07/2015;0000;25.4;23.8;87;1005.6;0;0;0;
82578;12/07/2015;1200;26.8;23.6;76;1007.8;18;0.5;0;
82578;13/07/2015;0000;25.2;23.6;87;1004.2;0;0;0;
82578;13/07/2015;1200;28.4;23.6;64;1006.4;5;2.5;0;
82578;14/07/2015;0000;25;23.4;87;1003.8;0;0;0;
82578;14/07/2015;1200;27;22.4;66;1006;9;2.5;0;
82578;15/07/2015;0000;24;21.6;80;1004;0;0;0;
82578;15/07/2015;1200;26.6;21.4;60;1007.1;9;3;0;
82578;16/07/2015;0000;24;22;83;1004.8;0;0;6;
82578;16/07/2015;1200;27.2;22.4;64;1006.2;14;3.3;0;
82578;17/07/2015;0000;28.4;22.6;59;1004.8;14;0.8;8;
82578;17/07/2015;1200;26;21;62;1008;14;3.3;10;
82578;18/07/2015;0000;26.6;24;80;1005.8;0;0;8;
82578;18/07/2015;1200;28.8;23.2;61;1006.9;14;3.3;3;
82578;19/07/2015;0000;24.2;22.4;85;1005.8;0;0;3;
82578;19/07/2015;1200;27;21.4;59;1008;9;3.3;0;
82578;20/07/2015;0000;25;22.6;81;1004.4;0;0;3;
82578;20/07/2015;1200;27.8;22;59;1007.3;14;2.8;0;
82578;21/07/2015;0000;28.4;24.4;70;1005.3;0;0;8;
82578;21/07/2015;1200;28;24.6;75;1006.6;14;1.5;0;
82578;22/07/2015;0000;27.6;24.2;75;1003.6;0;0;4;
82578;22/07/2015;1200;24;23.4;95;1007;23;0.3;10;
82578;23/07/2015;0000;27.4;25.4;84;1004.5;0;0;6;
82578;23/07/2015;1200;27.6;24.2;75;1007.3;14;4.1;5;
82578;24/07/2015;0000;26;24.4;87;1004.7;0;0;8;
82578;24/07/2015;1200;28.2;23.4;65;1007.7;9;2;1;
82578;25/07/2015;0000;26;24;84;1004.5;0;0;4;
82578;25/07/2015;1200;25.4;23.4;84;1007.6;9;1;10;
82578;26/07/2015;0000;26.2;24;82;1003.9;0;0;0;
82578;26/07/2015;1200;27.6;25;80;1007.2;18;1.3;4;
82578;27/07/2015;0000;25;22.6;77;1003.4;0;0;0;
82578;27/07/2015;1200;27;24.4;80;1007;5;0.3;3;
82578;28/07/2015;0000;27.4;24.4;77;1003.8;0;0;5;
82578;28/07/2015;1200;26.6;25;87;1006.4;36;0.3;5;
82578;29/07/2015;0000;27.4;24.8;80;1003.3;0;0;10;
82578;29/07/2015;1200;28.6;24.2;68;1006.6;9;2.5;0;
82578;30/07/2015;0000;26;23.4;79;1004;0;0;10;
82578;30/07/2015;1200;28.4;22.4;57;1006.6;14;2.6;6;
82578;31/07/2015;0000;27.6;22.8;65;1005.1;18;0.8;0;
82578;31/07/2015;1200;28;21;51;1007.2;14;2;1;
82578;01/08/2015;0000;26;23.4;79;1004.5;0;0;8;
82578;01/08/2015;1200;28.2;22;56;1007.1;14;3.6;0;
82578;02/08/2015;0000;23.6;20.6;75;1003.7;0;0;0;
82578;02/08/2015;1200;26.8;20.8;56;1006.2;14;3;0;
82578;03/08/2015;0000;26;23;76;1003.5;0;0;4;
82578;03/08/2015;1200;28;21.6;55;1006.8;14;3.3;0;
82578;04/08/2015;0000;25.4;22.2;74;1003.9;0;0;3;
82578;04/08/2015;1200;28;21.4;53;1007.8;9;2.5;0;
82578;05/08/2015;0000;25.4;22.4;76;1004.5;0;0;4;
82578;05/08/2015;1200;27.4;23.4;70;1007.2;14;1.6;0;
82578;06/08/2015;0000;24.4;21.8;78;1004;0;0;0;
82578;06/08/2015;1200;26.6;23.6;77;1007;9;0.3;0;
82578;07/08/2015;0000;26.4;23.6;78;1003.1;0;0;4;
82578;07/08/2015;1200;28;22.6;61;1005.8;14;3.3;0;
82578;08/08/2015;0000;25.6;22.6;76;1003.3;0;0;4;
82578;08/08/2015;1200;28;21;51;1005.8;14;2.6;0;
82578;09/08/2015;0000;25;21.8;74;1002.7;0;0;3;
82578;09/08/2015;1200;27.4;21.4;56;1006.2;14;1;0;
82578;10/08/2015;0000;25.4;22.6;77;1003.1;0;0;2;
82578;10/08/2015;1200;28;21;51;1007;14;3.3;2;
82578;11/08/2015;0000;25;22;76;1004.2;0;0;0;
82578;11/08/2015;1200;27.4;22.2;62;1007;14;3.3;0;
82578;12/08/2015;0000;26.6;22.6;70;1004.2;0;0;5;
82578;12/08/2015;1200;28;21.4;53;1007.2;14;3;0;
82578;13/08/2015;0000;25;21.6;73;1004.1;0;0;2;
82578;13/08/2015;1200;27;20.4;52;1007.8;14;3.3;0;
82578;14/08/2015;0000;24;21.2;77;1004.9;0;0;4;
82578;14/08/2015;1200;27.2;20.4;51;1007.4;14;3.3;0;
82578;15/08/2015;0000;25.8;20.6;60;1004.3;0;0;2;
82578;15/08/2015;1200;28.6;22.2;56;1007;9;2.5;0;
82578;16/08/2015;0000;30.8;23.6;52;1004.1;14;0.3;0;
82578;16/08/2015;1200;29;22;52;1006.6;14;3.3;0;
82578;17/08/2015;0000;25.6;21.6;69;1003;0;0;0;
82578;17/08/2015;1200;28.2;21.4;52;1006.6;14;3;0;
82578;18/08/2015;0000;27;22.6;66;1002.7;0;0;0;
82578;18/08/2015;1200;29.4;21.8;48;1006;14;2.6;0;
82578;19/08/2015;0000;26.2;22;68;1002.1;0;0;6;
82578;19/08/2015;1200;29.2;21.2;46;1005.2;14;3.3;0;
82578;20/08/2015;0000;25.6;22.4;75;1002;0;0;0;
82578;20/08/2015;1200;27;23.8;76;1006.2;9;1.6;4;
82578;21/08/2015;0000;28;23;64;1003.3;0;0;0;
82578;21/08/2015;1200;27.6;23.4;69;1007;14;0.8;0;
82578;22/08/2015;0000;26.2;22.8;73;1002.3;0;0;0;
82578;22/08/2015;1200;26;23.4;79;1005.5;5;0.8;6;
82578;23/08/2015;0000;27.6;23.6;70;1001.5;0;0;4;
82578;23/08/2015;1200;27.4;24.2;76;1004.6;9;0.8;1;
82578;24/08/2015;0000;28.2;24;69;1001.1;0;0;0;
82578;24/08/2015;1200;27.6;24.2;75;1005.7;5;1.6;2;
82578;25/08/2015;0000;27.2;23.6;73;1001.3;0;0;0;
82578;25/08/2015;1200;28.4;24;68;1006;5;2.5;2;
82578;26/08/2015;0000;27.6;24.2;75;1002.3;36;0.5;8;
82578;26/08/2015;1200;28.4;23.8;66;1006.6;9;3.6;2;
82578;27/08/2015;0000;29.2;24;63;1003.1;0;0;2;
82578;27/08/2015;1200;28.4;24.4;70;1005.4;18;1.6;0;
82578;28/08/2015;0000;28.4;24.4;70;1001.6;0;0;8;
82578;28/08/2015;1200;29.4;24;62;1005.7;9;3.3;0;
82578;29/08/2015;0000;29;23.8;63;1002.7;0;0;8;
82578;29/08/2015;1200;28.4;23.6;65;1007.6;9;2.5;0;
82578;30/08/2015;0000;27.6;23.6;70;1003.5;0;0;4;
82578;30/08/2015;1200;28.2;23.8;68;1007.9;9;1.6;4;
82578;31/08/2015;0000;26.8;23;71;1004.1;0;0;0;
82578;31/08/2015;1200;28.2;24;70;1006.6;14;0.7;0;
82578;01/09/2015;0000;26.6;23;73;1003.9;0;0;3;
82578;01/09/2015;1200;27.6;24;73;1007.2;14;1;3;
82578;02/09/2015;0000;28.2;23.6;66;1003.2;0;0;2;
82578;02/09/2015;1200;28;24;70;1006.5;36;1.3;4;
82578;03/09/2015;0000;27.2;23.6;73;1002.8;0;0;0;
82578;03/09/2015;1200;27.6;23.8;72;1007;9;1.6;8;
82578;04/09/2015;0000;27.8;24;72;1003.4;0;0;0;
82578;04/09/2015;1200;29;24.4;67;1006.6;5;1.6;0;
82578;05/09/2015;0000;28;24;70;1002.9;0;0;0;
82578;05/09/2015;1200;27.4;24.2;76;1006.8;36;1.6;8;
82578;06/09/2015;0000;29.2;24.4;66;1002.2;0;0;0;
82578;06/09/2015;1200;28.8;24.2;67;1007;5;1.6;4;
82578;07/09/2015;0000;28;24;70;1002.5;0;0;3;
82578;07/09/2015;1200;28.6;23.4;63;1006.1;9;2.5;2;
82578;08/09/2015;0000;27.8;23.4;68;1001.6;0;0;4;
82578;08/09/2015;1200;28.4;22.8;60;1005.5;14;1.6;0;
82578;09/09/2015;0000;26.8;22;64;1001.5;0;0;5;
82578;09/09/2015;1200;27.6;22.8;65;1005.6;9;1.3;0;
82578;10/09/2015;0000;29.4;21.8;48;1002.1;9;0.7;0;
82578;10/09/2015;1200;29;23.6;62;1004.8;9;1.3;0;
82578;11/09/2015;0000;26.8;21.6;62;1000.6;0;0;0;
82578;11/09/2015;1200;29.2;23.4;59;1004.6;9;1.3;1;
82578;12/09/2015;0000;28;23.4;66;1002.1;0;0;4;
82578;12/09/2015;1200;28;24;70;1006.2;36;0.7;0;
82578;13/09/2015;0000;27.6;22.8;65;1002;0;0;2;
82578;13/09/2015;1200;28.4;23.8;65;1006.6;5;2;0;
82578;14/09/2015;0000;29;24.2;66;1002.7;0;0;6;
82578;14/09/2015;1200;28;24.4;73;1006.2;9;1.6;6;
82578;15/09/2015;0000;27.6;23.6;70;1003.1;0;0;3;
82578;15/09/2015;1200;28.8;24;66;1007.2;9;3.8;4;
82578;16/09/2015;0000;29;21.6;50;1003.1;9;1.3;2;
82578;16/09/2015;1200;29.8;22.8;53;1006.3;9;1.6;2;
82578;17/09/2015;0000;26.6;21.6;63;1002.3;0;0;0;
82578;17/09/2015;1200;28.8;24;66;1005.4;9;1.6;1;
82578;18/09/2015;0000;27.4;21.6;58;1002.1;0;0;8;
82578;18/09/2015;1200;29.4;23.6;59;1005.4;14;1.6;1;
82578;19/09/2015;0000;26.8;21.8;63;1002.3;0;0;0;
82578;19/09/2015;1200;29.6;23.6;59;1006;14;2.6;2;
82578;20/09/2015;0000;28.2;23;62;1002.1;0;0;4;
82578;20/09/2015;1200;29.6;23.2;57;1005.3;9;3.6;2;
82578;21/09/2015;0000;29;23;55;1002;0;0;4;
82578;21/09/2015;1200;29;24.2;66;1005.9;9;1.3;2;
82578;22/09/2015;0000;29;23.8;63;1001.6;0;0;6;
82578;22/09/2015;1200;29;24;65;1005.6;5;1.3;0;
82578;23/09/2015;0000;31;23.6;52;1001.5;36;0.8;8;
82578;23/09/2015;1200;29;24;65;1004.9;9;1.6;2;
82578;24/09/2015;0000;28;21.6;55;1001.1;0;0;0;
82578;24/09/2015;1200;30.4;23.2;52;1005.5;9;4.6;0;
82578;25/09/2015;0000;27.6;21.6;57;1002.7;0;0;3;
82578;25/09/2015;1200;30.6;23;51;1005.7;9;2.6;0;
82578;26/09/2015;0000;27.4;22.4;63;1002.1;0;0;4;
82578;26/09/2015;1200;29.2;24;63;1004.7;5;1.6;0;
82578;27/09/2015;0000;30.4;22.2;46;1002;36;2.3;8;
82578;27/09/2015;1200;29.4;23;56;1004.9;5;2.6;0;
82578;28/09/2015;0000;28.6;24.2;68;1005;9;3;10;
82578;28/09/2015;1200;28.2;23.4;65;1005.6;23;1.6;1;
82578;29/09/2015;0000;28.4;24.4;70;1000.4;0;0;8;
82578;29/09/2015;1200;29.2;23.8;62;1004.4;9;2.3;4;
82578;30/09/2015;0000;29.4;24.2;63;999;0;0;5;
82578;30/09/2015;1200;29;23.8;63;1003.3;14;2.3;3;
82578;01/10/2015;0000;28;22.6;61;999.1;0;0;4;
82578;01/10/2015;1200;30.4;22.4;47;1003.5;9;3.3;4;
82578;02/10/2015;0000;27.6;23;66;1000;0;0;6;
82578;02/10/2015;1200;30.2;24;58;1003.9;14;2.3;4;
82578;03/10/2015;0000;28.4;23.4;64;1001.1;0;0;2;
82578;03/10/2015;1200;30;23;53;1003.9;14;2.6;0;
82578;04/10/2015;0000;31.6;23.8;50;1001.3;14;0.8;8;
82578;04/10/2015;1200;30.2;24;58;1005.1;9;1.6;4;
82578;05/10/2015;0000;31.4;24;52;1001.1;23;0.3;5;
82578;05/10/2015;1200;29.6;23.8;60;1005.3;5;2.3;0;
82578;06/10/2015;0000;31;22;43;1003.5;36;4.5;0;
82578;06/10/2015;1200;29.2;23.4;59;1006.8;5;2.6;8;
82578;07/10/2015;0000;29.4;24;62;1003.6;0;0;4;
82578;07/10/2015;1200;29.2;24.2;65;1005.5;5;2.3;5;
82578;08/10/2015;0000;28.4;23.6;65;1002;0;0;0;
82578;08/10/2015;1200;30;25;65;1004.3;14;2.1;5;
82578;09/10/2015;0000;28.4;24.6;72;1000.5;0;0;4;
82578;09/10/2015;1200;31;24;54;1004.6;9;3.1;3;
82578;10/10/2015;0000;28.4;22.6;59;1001.4;0;0;3;
82578;10/10/2015;1200;30;23;53;1005.4;9;3.3;5;
82578;11/10/2015;0000;29.4;23.6;59;1001.3;0;0;2;
82578;11/10/2015;1200;29.6;24.4;63;1004.8;9;1.8;6;
82578;12/10/2015;0000;29;23;58;1000.5;0;0;0;
82578;12/10/2015;1200;29.4;24.4;65;1005.7;5;1.6;4;
82578;13/10/2015;0000;29;23;58;1001.5;0;0;3;
82578;13/10/2015;1200;30.8;23.6;53;1006.1;14;2.1;0;
82578;14/10/2015;0000;29.4;23;56;1002.1;0;0;0;
82578;14/10/2015;1200;32.4;24;47;1005.3;9;2.6;0;
82578;15/10/2015;0000;28;21.6;53;1001;0;0;2;
82578;15/10/2015;1200;32;24.4;51;1004.5;14;5;4;
82578;16/10/2015;0000;29.6;23;54;1001.4;0;0;0;
82578;16/10/2015;1200;32;23.6;47;1005.3;14;4;0;
82578;17/10/2015;0000;29.4;22.4;52;1001.3;0;0;2;
82578;17/10/2015;1200;32;23.6;47;1004.9;5;3.3;0;
82578;18/10/2015;0000;28.4;22;53;1002;0;0;2;
82578;18/10/2015;1200;29.4;24;62;1006.1;5;1.6;0;
82578;19/10/2015;0000;31;23.4;51;1002.8;36;2.6;8;
82578;19/10/2015;1200;29.8;24;60;1006.5;9;2;4;
82578;20/10/2015;0000;32.6;23.8;46;1002.6;9;1;5;
82578;20/10/2015;1200;29.4;24;62;1006.5;14;1.6;8;
82578;21/10/2015;0000;31;24.4;56;1002.4;0;0;0;
82578;21/10/2015;1200;30;25;65;1005.6;5;1.1;0;
82578;22/10/2015;0000;30.4;25;63;1000.4;0;0;0;
82578;22/10/2015;1200;30.4;24.4;58;1004.1;5;3;0;
82578;23/10/2015;0000;32.4;24.4;49;1001.1;36;3;1;
82578;23/10/2015;1200;29.6;24;61;1004.4;14;1.6;3;
82578;24/10/2015;0000;31;24;54;1001.9;14;2.5;5;
82578;24/10/2015;1200;30;22.2;48;1005.9;9;2.6;0;
82578;25/10/2015;0000;30.6;24.4;59;1001.9;0;0;8;
82578;25/10/2015;1200;30.2;23;52;1004.9;9;3;0;
82578;26/10/2015;0000;31;23;48;1002.4;36;2.5;8;
82578;26/10/2015;1200;30;23.4;55;1006.1;14;2.5;0;
82578;27/10/2015;0000;31.2;24;53;1001.3;5;0.8;8;
82578;27/10/2015;1200;31;24.8;59;1004.8;5;2.1;0;
82578;28/10/2015;0000;30;24.4;61;1000.6;0;0;5;
82578;28/10/2015;1200;30.2;23.8;57;1005.1;14;2;0;
82578;29/10/2015;0000;30.2;23.2;53;1001.2;0;0;0;
82578;29/10/2015;1200;29.4;24;62;1004.8;5;1.6;6;
82578;30/10/2015;0000;30;24;59;1000.9;0;0;2;
82578;30/10/2015;1200;29.2;24.4;66;1004.9;5;1.6;0;
82578;31/10/2015;0000;27.6;23.6;70;1002.2;32;3.3;8;
82578;31/10/2015;1200;25.4;23.4;84;1006.2;0;0;8;
82578;01/11/2015;0000;27.4;25.8;87;1002.1;0;0;8;
82578;01/11/2015;1200;30.8;22.8;48;1004.5;5;3.3;0;
82578;02/11/2015;0000;31;24.2;55;1001;5;1;8;
82578;02/11/2015;1200;29.6;23.8;60;1003.3;14;2;0;
82578;03/11/2015;0000;29.2;24;63;999;0;0;5;
82578;03/11/2015;1200;31;24;54;1003.3;9;4.1;4;
82578;04/11/2015;0000;29.6;24.2;63;1000.1;0;0;5;
82578;04/11/2015;1200;30.6;23.4;53;1004.7;18;3;0;
82578;05/11/2015;0000;28;23.2;65;1000.6;0;0;0;
82578;05/11/2015;1200;30.2;22.4;48;1004.2;5;1.3;0;
82578;06/11/2015;0000;29;22.6;56;1001;36;1.3;0;
82578;06/11/2015;1200;30.2;24;58;1004.2;14;1.6;2;
82578;07/11/2015;0000;29.4;24;62;999.9;0;0;0;
82578;07/11/2015;1200;29.8;24.4;63;1005.1;9;1.3;6;
82578;08/11/2015;0000;30.6;25;62;1000.8;0;0;0;
82578;08/11/2015;1200;30.2;23.6;55;1004.9;14;3;0;
82578;09/11/2015;0000;31.6;24.4;54;1002;36;4.6;8;
82578;09/11/2015;1200;31.2;24.2;54;1005.5;9;3.3;5;
82578;10/11/2015;0000;30.4;24.4;59;1003.1;23;1;4;
82578;10/11/2015;1200;30.4;23.6;54;1005.7;9;3.3;2;
82578;11/11/2015;0000;29;23.6;62;1001.2;0;0;0;
82578;11/11/2015;1200;29.4;24.4;65;1004.1;5;1;2;
82578;12/11/2015;0000;30.6;24;56;999.1;0;0;3;
82578;12/11/2015;1200;28.8;23.8;65;1004.5;5;3;10;
82578;13/11/2015;0000;28.2;23.8;68;1000.3;0;0;0;
82578;13/11/2015;1200;30;24.2;60;1003.9;14;3;0;
82578;14/11/2015;0000;31;24.6;57;1001.8;36;2.8;3;
82578;14/11/2015;1200;30.4;23.4;53;1005.4;9;2.6;0;
82578;15/11/2015;0000;32.4;25.4;55;1001.6;5;6.3;0;
82578;15/11/2015;1200;29.6;23.2;57;1005.5;5;1.6;0;
82578;16/11/2015;0000;32.8;24;46;1000.7;36;3.8;5;
82578;16/11/2015;1200;30;25;65;1002.9;9;1.6;5;
82578;17/11/2015;0000;31;25;60;998.2;9;0.3;6;
82578;17/11/2015;1200;30.6;24;56;1002.3;5;2.5;6;
82578;18/11/2015;0000;30.4;25;63;998.8;36;1;4;
82578;18/11/2015;1200;30.4;24.8;61;1001.7;14;2.5;2;
82578;19/11/2015;0000;28.6;23.4;63;997;0;0;6;
82578;19/11/2015;1200;29.4;24;62;1001.5;5;1.3;1;
82578;20/11/2015;0000;28.6;23;61;997.5;0;0;0;
82578;20/11/2015;1200;29.4;24.4;65;1003.1;14;0.8;6;
82578;21/11/2015;0000;30;24;59;999.8;36;3.6;8;
82578;21/11/2015;1200;30.2;24.4;60;1003.6;9;1;3;
82578;22/11/2015;0000;31;24;54;999.8;36;1;0;
82578;22/11/2015;1200;29.6;24.2;63;1003;5;2;4;
82578;23/11/2015;0000;31.8;24.6;54;999.8;36;3.3;4;
82578;23/11/2015;1200;30.4;24.4;59;1002.3;18;1.6;0;
82578;24/11/2015;0000;31.6;24.8;56;996.9;36;3.3;3;
82578;24/11/2015;1200;29.8;24;60;1001.7;9;1.6;8;
82578;25/11/2015;0000;26.4;24;81;1000.7;36;4.3;10;
82578;25/11/2015;1200;28.6;24.6;71;1003.9;5;2.1;8;
82578;26/11/2015;0000;29.4;26;75;1000.4;0;0;2;
82578;26/11/2015;1200;29.6;24.4;64;1004.4;5;1.3;0;
82578;27/11/2015;0000;30.6;24;56;1000.3;36;2;1;
82578;27/11/2015;1200;29.6;24.2;63;1003.7;36;2;2;
82578;28/11/2015;0000;29;24.6;68;999.4;0;0;0;
82578;28/11/2015;1200;29;24.4;67;1003;36;2;3;
82578;29/11/2015;0000;29.6;23.4;58;1000.6;5;3.8;3;
82578;29/11/2015;1200;30.4;24.4;59;1004.8;9;3.1;2;
82578;30/11/2015;0000;28.4;21.6;52;1000.4;0;0;0;
82578;30/11/2015;1200;32;23.4;46;1004.3;9;2.5;0;
82578;01/12/2015;0000;31.8;22.4;42;1001.3;9;0.7;0;
82578;01/12/2015;1200;32.4;24;47;1003.7;9;3.6;0;
82578;02/12/2015;0000;31.6;23;46;999.9;5;1;0;
82578;02/12/2015;1200;32.4;23.8;46;1003.3;9;4.3;0;
82578;03/12/2015;0000;30;22.8;52;999.8;0;0;0;
82578;03/12/2015;1200;30.2;23.8;57;1004.7;5;1;0;
82578;04/12/2015;0000;31.4;24;52;1001.3;36;4.3;2;
82578;04/12/2015;1200;30.6;23.6;54;1004.9;5;2.5;0;
82578;05/12/2015;0000;29.6;23.6;59;1002.1;36;3.1;6;
82578;05/12/2015;1200;29.6;24;61;1005.8;36;3.8;6;
82578;06/12/2015;0000;32.4;23.8;46;1002.4;0;0;2;
82578;06/12/2015;1200;30.2;24.4;60;1005.9;5;3.5;4;
82578;07/12/2015;0000;31.6;24.2;53;1002;36;5.3;8;
82578;07/12/2015;1200;29.6;23.8;60;1005.4;5;3;8;
82578;08/12/2015;0000;31.2;23.6;51;1002;36;3.3;5;
82578;08/12/2015;1200;30.6;23.6;54;1005.1;9;2.6;0;
82578;09/12/2015;0000;29.6;22.4;52;1001.4;0;0;5;
82578;09/12/2015;1200;29;24.6;68;1005.6;36;0.5;8;
82578;10/12/2015;0000;31.2;24.2;54;1000.5;0;0;8;
82578;10/12/2015;1200;31;24.6;57;1004.9;9;2.5;4;
82578;11/12/2015;0000;31.8;26;62;1001.8;0;0;0;
82578;11/12/2015;1200;28.8;24.4;68;1006.5;14;1.3;10;
82578;12/12/2015;0000;30;24.8;64;1001.8;0;0;0;
82578;12/12/2015;1200;30.4;23.4;53;1005.8;9;2.5;4;
82578;13/12/2015;0000;32.4;24;47;1001.6;36;2.5;2;
82578;13/12/2015;1200;31;24;54;1004.3;9;3.3;3;
82578;14/12/2015;0000;29.8;23.2;55;999.8;0;0;0;
82578;14/12/2015;1200;31;25;60;1003.3;5;0.8;4;
82578;15/12/2015;0000;33.4;23.4;40;999;36;1.1;5;
82578;15/12/2015;1200;32.2;24;48;1002.6;14;3;0;
82578;16/12/2015;0000;29.4;23;56;1000;0;0;5;
82578;16/12/2015;1200;30.6;24.4;59;1003.9;14;2.1;0;
82578;17/12/2015;0000;29.4;23;56;1002.1;36;3.6;8;
82578;17/12/2015;1200;30;24.4;61;1004.7;5;3.3;8;
82578;18/12/2015;0000;30;24.4;61;1003.1;5;0.3;8;
82578;18/12/2015;1200;30.4;24.8;61;1004;9;1.6;3;
82578;19/12/2015;0000;29.2;25;70;1001.1;36;0.5;2;
82578;19/12/2015;1200;31;24.4;56;1004.3;5;3;8;
82578;20/12/2015;0000;31;24.6;57;1001.8;5;1;0;
82578;20/12/2015;1200;31;24;54;1004.9;5;2.6;3;
82578;21/12/2015;0000;29.8;24.4;63;1000.9;0;0;5;
82578;21/12/2015;1200;31.2;24;53;1004.5;5;1.8;2;
82578;22/12/2015;0000;31.4;23.6;49;1001.2;5;3;5;
82578;22/12/2015;1200;30;24.6;63;1004.5;5;0.7;6;
82578;23/12/2015;0000;32.2;24;48;1001;5;0.3;6;
82578;23/12/2015;1200;30.2;24;58;1004.3;9;1;2;
82578;24/12/2015;0000;32.2;25.2;55;1001.1;0;0;8;
82578;24/12/2015;1200;30.6;23.8;55;1004.9;9;2.6;2;
82578;25/12/2015;0000;31;23.4;51;1002.8;36;5.3;8;
82578;25/12/2015;1200;29.4;25;68;1006.7;14;2;6;
82578;26/12/2015;0000;26.4;25;89;1001.9;0;0;3;
82578;26/12/2015;1200;30;25;65;1004.8;5;2.1;4;
82578;27/12/2015;0000;30.6;23.8;55;1000;36;4.3;8;
82578;27/12/2015;1200;30.8;25;61;1003.5;9;1.3;4;
82578;28/12/2015;0000;33;23;40;999.8;36;5;4;
82578;28/12/2015;1200;30.2;25;64;1004.5;5;2;5;
82578;29/12/2015;0000;27;22;63;1004.5;9;0.5;6;
82578;29/12/2015;1200;29.2;22.6;54;1006.6;5;1.3;8;
82578;30/12/2015;0000;32.4;24.2;48;1003.7;5;0.3;6;
82578;30/12/2015;1200;29.6;24.4;64;1006.3;36;1.1;4;
82578;31/12/2015;0000;31.4;24.8;56;1003.3;18;1;8;
82578;31/12/2015;1200;30.2;25.6;68;1003.9;36;1;3;
82578;01/01/2016;0000;25.4;24;88;1003.1;36;0.3;10;
82578;01/01/2016;1200;26.4;;87;1005;5;1.54332;10;
82578;02/01/2016;0000;27.2;;83;1002.1;0;0;0;
82578;17/01/2016;0000;29;;81;1000.7;0;0;5;
82578;01/02/2016;1200;25.4;22.2;74;1006.8;14;1;10;
82578;02/02/2016;0000;22;21.4;95;1005.4;36;1.6;10;
82578;02/02/2016;1200;25.2;23.6;87;1004.8;14;1;8;
82578;03/02/2016;0000;24.4;23.6;93;1002.9;0;0;6;
82578;03/02/2016;1200;26;24.6;89;1004.6;0;0;10;
82578;04/02/2016;0000;23.8;23;93;1002.4;14;0.3;10;
82578;04/02/2016;1200;27.4;25;81;1004;9;1.3;8;
82578;05/02/2016;0000;27.2;26.2;92;1002;0;0;6;
82578;05/02/2016;1200;26.8;25.2;87;1005.2;14;0.3;8;
82578;06/02/2016;0000;26.2;24;82;1003.1;27;0.8;6;
82578;06/02/2016;1200;27.8;26.2;88;1005.8;0;0;8;
82578;07/02/2016;0000;27.6;26.4;91;1003.5;0;0;0;
82578;07/02/2016;1200;28.8;26.6;84;1005.2;9;0.3;5;
82578;08/02/2016;0000;27.4;26;89;1002.3;0;0;3;
82578;08/02/2016;1200;28.8;25.8;78;1006.6;9;1.6;5;
82578;09/02/2016;0000;27.4;25.2;83;1004.5;9;1;2;
82578;09/02/2016;1200;28.4;25;75;1006.6;9;1.1;0;
82578;10/02/2016;0000;27.6;26;88;1003.7;0;0;0;
82578;10/02/2016;1200;28.6;26.2;82;1006;9;1.3;0;
82578;11/02/2016;0000;26.8;24;78;1003.7;18;0.8;0;
82578;11/02/2016;1200;28.2;25.6;80;1005.2;9;0.5;3;
82578;12/02/2016;0000;29;25.2;72;1001.5;0;0;0;
82578;12/02/2016;1200;28.2;25.8;82;1004.7;5;2;6;
82578;13/02/2016;0000;27.8;25.8;85;1002.3;23;0.5;0;
82578;13/02/2016;1200;27.6;25.4;83;1004.8;36;1.6;8;
82578;14/02/2016;0000;27.6;25;80;1003.3;14;1;6;
82578;14/02/2016;1200;28;25.6;82;1004.8;9;0.5;10;
82578;15/02/2016;0000;26.2;22.6;72;1003.1;36;2.5;8;
82578;15/02/2016;1200;24.8;23.8;92;1004.9;0;0;10;
82578;16/02/2016;0000;25.8;25;93;1002.2;0;0;6;
82578;16/02/2016;1200;27.6;26.6;92;1004.2;5;1;8;
82578;17/02/2016;0000;29;26.4;81;1000.7;0;0;5;
82578;17/02/2016;1200;28.6;26;81;1002.8;14;1;6;
82578;18/02/2016;0000;27;25;84;1001.7;0;0;0;
82578;18/02/2016;1200;29;26;78;1004;9;1;2;
82578;19/02/2016;0000;27.4;25.4;84;1001.3;0;0;0;
82578;19/02/2016;1200;27;24.6;81;1004.3;14;0.7;5;
82578;20/02/2016;0000;27.6;25.6;85;1001.7;0;0;1;
82578;20/02/2016;1200;27.2;25;83;1004.6;9;1.6;6;
82578;21/02/2016;0000;24.6;23.6;92;1001.8;0;0;8;
82578;21/02/2016;1200;27.2;24.4;78;1003.4;9;1.6;3;
82578;22/02/2016;0000;27.2;25.6;87;1000.1;0;0;0;
82578;22/02/2016;1200;29.4;25.2;70;1002.8;9;2.5;1;
82578;23/02/2016;0000;28.4;26.4;85;1000.7;5;1.5;3;
82578;23/02/2016;1200;28.4;26;82;1005;23;0.3;5;
82578;24/02/2016;0000;25;24;92;1003.6;32;1;10;
82578;24/02/2016;1200;25.6;24.2;89;1004.6;36;1.5;10;
82578;25/02/2016;0000;28;26.4;88;1002.1;0;0;5;
82578;25/02/2016;1200;26.2;25;90;1003.4;36;1.3;10;
82578;26/02/2016;0000;24;23;91;1001.7;36;1.6;10;
82578;26/02/2016;1200;26.4;25;89;1002.9;9;0.3;10;
82578;27/02/2016;0000;27.2;26;90;1001.1;32;0.3;4;
82578;27/02/2016;1200;27;25.2;86;1004.4;14;0.8;10;
82578;28/02/2016;0000;27.6;26.4;91;1002.6;36;0.8;5;
82578;28/02/2016;1200;26;25;92;1004.2;9;0.3;6;
82578;29/02/2016;0000;27.8;26.6;91;1002.5;0;0;0;
82578;29/02/2016;1200;28.4;25.4;77;1003.8;9;0.5;0;
82578;01/03/2016;0000;28.4;26.8;88;1000.8;0;0;0;
82578;01/03/2016;1200;28.2;;83;1005;5;0.51444;10;
82578;02/03/2016;0000;28.8;;79;1000.5;0;0;0;
82578;02/03/2016;1200;24.2;;94;1005.1;36;1.02888;10;
82578;03/03/2016;0000;28;;85;1001.7;23;0.51444;5;
82578;03/03/2016;1200;27.4;;88;1004.2;36;1.02888;10;
82578;04/03/2016;0000;27.2;;90;1002.1;0;0;3.75;
82578;04/03/2016;1200;29.2;;79;1003.6;5;1.02888;5;
82578;05/03/2016;0000;26.4;;93;1002.1;27;0.51444;6.25;
82578;05/03/2016;1200;28.4;;85;1004;9;1.02888;5;
82578;06/03/2016;0000;27.2;;86;1001.4;27;1.54332;2.5;
82578;06/03/2016;1200;27;;89;1005;23;0.51444;10;
82578;07/03/2016;0000;27.6;;88;1001.8;0;0;0;
82578;07/03/2016;1200;24.2;;97;1005.2;14;1.02888;10;
82578;08/03/2016;0000;27.4;;94;1002.1;0;0;0;
82578;02/04/2016;1200;25;24.2;93;1004;36;0.6;10;
82578;03/04/2016;0000;26;25;92;1003.4;36;1;10;
82578;03/04/2016;1200;25.4;24.6;93;1005;0;0;10;
82578;04/04/2016;0000;26.4;25.6;93;1004.2;5;1;0;
82578;04/04/2016;1200;26.4;25.4;92;1007;32;1;10;
82578;05/04/2016;0000;26.4;25;89;1004.9;0;0;0;
82578;05/04/2016;1200;27.4;25.8;87;1006.2;5;1.5;8;
82578;06/04/2016;0000;25.4;25;97;1003.7;36;0.5;6;
82578;06/04/2016;1200;28.6;26.4;84;1005.2;5;0.8;8;
82578;07/04/2016;0000;27.4;26.4;92;1002.5;0;0;5;
82578;07/04/2016;1200;25.4;24.8;95;1005.4;36;1.5;10;
82578;08/04/2016;0000;27.4;26.4;92;1003;36;1;5;
82578;08/04/2016;1200;26.4;25.2;90;1004.8;0;0;10;
82578;09/04/2016;0000;27;26.2;94;1002.5;0;0;6;
82578;09/04/2016;1200;27;25.4;87;1003.8;0;0;10;
82578;10/04/2016;0000;27.4;26.4;92;1000.9;0;0;0;
82578;10/04/2016;1200;29.6;26.6;78;1002.9;9;1.5;6;
82578;11/04/2016;0000;27;26;92;1001.4;36;1;5;
82578;11/04/2016;1200;29;26.4;81;1003.1;9;1;5;
82578;12/04/2016;0000;23.6;23;95;1003.6;5;1.5;10;
82578;12/04/2016;1200;27;25.4;87;1004.2;9;0.5;6;
82578;13/04/2016;0000;25;24.2;93;1002;0;0;6;
82578;13/04/2016;1200;29;25.6;75;1004.6;9;1;8;
82578;14/04/2016;0000;26.4;25.8;95;1002.5;0;0;2;
82578;14/04/2016;1200;28.4;26;82;1004.7;9;0.5;5;
82578;15/04/2016;0000;27;25.8;90;1002.6;36;0.6;5;
82578;15/04/2016;1200;27.8;26;86;1005;18;1.2;8;
82578;16/04/2016;0000;26.8;26;94;1002.9;18;0.5;3;
82578;16/04/2016;1200;28.4;26.4;85;1004.6;32;0.4;8;
82578;17/04/2016;0000;26.2;25.6;95;1003.2;0;0;8;
82578;17/04/2016;1200;29.4;26;75;1004;9;1;4;
82578;27/04/2016;1200;29.6;26.6;78;1004.4;9;1;2;
82578;28/04/2016;0000;27.4;26;89;1000.9;0;0;0;
82578;28/04/2016;1200;29;26.4;81;1003.4;5;0.6;0;
82578;29/04/2016;0000;27;26;92;1000.7;0;0;0;
82578;29/04/2016;1200;29.2;26;77;1003.1;14;1;4;
82578;30/04/2016;0000;27;26;92;1001.3;0;0;0;
82578;30/04/2016;1200;27;25.4;87;1004.2;14;1;10;
82578;01/05/2016;0000;27.2;26.2;92;1001.6;0;0;0;
82578;01/05/2016;1200;28.6;26;82;1005.4;5;0.6;8;
82578;02/05/2016;0000;27;25.6;89;1002.2;5;0.6;4;
82578;02/05/2016;1200;28.2;25.8;83;1005;9;1;8;
82578;03/05/2016;0000;26.2;24.2;85;1004.5;14;2;8;
82578;03/05/2016;1200;27;25.6;89;1006.6;9;1;8;
82578;04/05/2016;0000;25.8;24.8;92;1004.1;32;0.6;4;
82578;04/05/2016;1200;27.6;25;80;1006.5;14;1;4;
82578;05/05/2016;0000;26;25.2;94;1003.3;0;0;0;
82578;05/05/2016;1200;27.4;25.6;87;1006.6;9;1;8;
82578;06/05/2016;0000;25.8;24.6;91;1003.8;36;0.5;0;
82578;06/05/2016;1200;26;24.6;89;1006.4;9;1;10;
82578;07/05/2016;0000;25.8;24.6;91;1004;0;0;0;
82578;07/05/2016;1200;27;25.2;87;1005.4;5;1;10;
82578;08/05/2016;0000;26.2;25;91;1002.1;0;0;0;
82578;08/05/2016;1200;27.8;26;87;1004.7;9;1;10;
82578;09/05/2016;0000;25.8;24.8;92;1001.6;0;0;6;
82578;09/05/2016;1200;28.4;26.6;87;1004.6;9;1;8;
82578;10/05/2016;0000;27.2;26;90;1002.7;9;0.6;5;
82578;10/05/2016;1200;29.8;27;81;1005.1;9;0.6;5;
82578;11/05/2016;0000;27.4;26.2;90;1003.1;0;0;5;
82578;11/05/2016;1200;28.8;27;86;1005.5;36;0.5;8;
82578;12/05/2016;0000;27.2;26.2;93;1003.1;9;0.3;5;
82578;12/05/2016;1200;27;25.4;87;1006.3;9;0.6;8;
82578;13/05/2016;0000;26.6;25;87;1004.5;36;1;5;
82578;13/05/2016;1200;28.6;26;82;1006.6;5;1;4;
82578;14/05/2016;0000;27.4;25.4;84;1003.9;36;0.5;0;
82578;14/05/2016;1200;28.4;26;83;1006;5;1;8;
82578;15/05/2016;0000;25;24;92;1006.4;32;2;10;
82578;15/05/2016;1200;27.6;25.8;87;1006.8;9;0.5;8;
82578;16/05/2016;0000;27.2;26;90;1004;0;0;0;
82578;16/05/2016;1200;28.4;26;83;1007;9;1;8;
82578;17/05/2016;0000;27;26;92;1003.9;9;0.3;4;
82578;17/05/2016;1200;26.6;25.4;91;1006.4;18;0.5;10;
82578;18/05/2016;0000;26.8;25.6;90;1002.8;5;0.5;0;
82578;18/05/2016;1200;28.6;25.8;80;1005.2;9;0.6;3;
82578;19/05/2016;0000;26.4;25.2;91;1002.9;5;0.5;0;
82578;19/05/2016;1200;26.4;25.2;91;1005.8;9;0.5;5;
82578;20/05/2016;0000;26.8;25.6;90;1002.6;0;0;0;
82578;20/05/2016;1200;27;25.4;87;1007;14;1;6;
82578;21/05/2016;0000;25;23.8;90;1004.8;0;0;0;
82578;21/05/2016;1200;28.4;25.4;77;1007.6;14;1.2;0;
82578;22/05/2016;0000;25.8;24.4;89;1004.4;0;0;0;
82578;22/05/2016;1200;28;25.4;80;1007.3;14;0.4;2;
82578;23/05/2016;0000;25.4;24.2;90;1004.6;0;0;0;
82578;23/05/2016;1200;27.6;25.6;84;1007.5;9;1;5;
82578;24/05/2016;0000;27.4;25.8;87;1005.2;9;0.5;8;
82578;24/05/2016;1200;26.8;25;85;1007.8;36;1.2;10;
82578;25/05/2016;0000;26.8;25.4;89;1004.3;27;0.3;0;
82578;25/05/2016;1200;26;24.4;87;1007.4;14;1;10;
82578;26/05/2016;0000;25.2;24;90;1004.3;0;0;2;
82578;26/05/2016;1200;26.8;25;86;1006;14;1;10;
82578;27/05/2016;0000;25.4;24.2;90;1003.7;0;0;0;
82578;27/05/2016;1200;28.4;24.6;72;1007.3;14;1.2;4;
82578;28/05/2016;0000;26.2;24.8;89;1004;0;0;6;
82578;28/05/2016;1200;29;26.2;80;1007.2;14;1.2;2;
82578;29/05/2016;0000;26;24;84;1004.5;27;0.5;0;
82578;29/05/2016;1200;26.6;25;87;1006.6;0;0;10;
82578;30/05/2016;0000;27;25.2;87;1003.1;0;0;0;
82578;30/05/2016;1200;27.4;25.4;85;1005.1;9;1;8;
82578;31/05/2016;0000;26.8;24.4;81;1002.7;0;0;4;
82578;31/05/2016;1200;28.6;26.2;83;1004.6;14;1.5;8;
82578;01/06/2016;0000;25.2;24.4;93;1004.5;9;1.5;10;
82578;01/06/2016;1200;27;25.4;87;1004.8;5;0.6;6;
82578;02/06/2016;0000;26.6;25;88;1001.5;23;0.5;0;
82578;02/06/2016;1200;28.2;26;85;1005;32;0.5;2;
82578;03/06/2016;0000;25.4;24;88;1002.4;0;0;0;
82578;03/06/2016;1200;28;25;77;1005;5;0.5;6;
82578;04/06/2016;0000;26.8;25.4;89;1001.9;0;0;0;
82578;04/06/2016;1200;29;26;78;1004.3;9;1;5;
82578;05/06/2016;0000;26.4;25;89;1002.2;0;0;2;
82578;05/06/2016;1200;28.6;26;82;1005.1;9;1.5;5;
82578;06/06/2016;0000;24.4;23.6;94;1003.4;0;0;0;
82578;06/06/2016;1200;27.8;25;80;1006;9;0.5;2;
82578;07/06/2016;0000;26;24.4;87;1003.5;27;0.5;0;
82578;07/06/2016;1200;26.8;25;86;1007;36;0.5;4;
82578;08/06/2016;0000;25.4;24.2;91;1003.9;0;0;0;
82578;08/06/2016;1200;27.2;24.2;78;1006.8;0;0;3;
82578;09/06/2016;0000;26.6;24.4;83;1004.5;0;0;0;
82578;09/06/2016;1200;27;25;84;1008.2;9;1;8;
82578;10/06/2016;0000;26.2;24.6;87;1005.5;36;0.5;3;
82578;10/06/2016;1200;27.4;25.2;83;1008.5;9;0.5;4;
82578;11/06/2016;0000;25.8;24.4;89;1005.7;0;0;4;
82578;11/06/2016;1200;26.4;25;89;1009.2;36;1.2;10;
82578;12/06/2016;0000;26;24.4;87;1007;36;0.5;6;
82578;12/06/2016;1200;27.8;25;79;1009.8;36;0.8;6;
82578;13/06/2016;0000;26;24.6;89;1007;0;0;0;
82578;13/06/2016;1200;27.4;25;81;1010.2;5;1.4;5;
82578;14/06/2016;0000;25.2;24;90;1006.6;0;0;2;
82578;14/06/2016;1200;27.6;23.6;70;1010.2;14;1.3;3;
82578;15/06/2016;0000;25.4;23.6;85;1007.5;14;0.4;6;
82578;15/06/2016;1200;27.2;21.8;60;1010.2;14;1;0;
82578;16/06/2016;0000;25.4;23.6;85;1007.1;0;0;4;
82578;16/06/2016;1200;28.2;23;62;1008.8;14;2;0;
82578;17/06/2016;0000;25.2;23.2;84;1004.9;0;0;0;
82578;17/06/2016;1200;27.6;23;66;1007.2;9;2;0;
82578;18/06/2016;0000;25.6;23.6;84;1004.6;0;0;2;
82578;18/06/2016;1200;28.4;23;61;1007.5;14;1;0;
82578;19/06/2016;0000;25;23.2;85;1005.1;0;0;0;
82578;19/06/2016;1200;28.6;25;72;1007.5;14;0.6;0;
82578;20/06/2016;0000;26;23.6;81;1004.2;0;0;6;
82578;20/06/2016;1200;29;24.2;66;1007;14;1;1;
82578;21/06/2016;0000;26;23.4;79;1003.4;0;0;2;
82578;21/06/2016;1200;28.2;22;56;1007.4;14;2;0;
82578;22/06/2016;0000;25;22.4;79;1004.5;0;0;4;
82578;22/06/2016;1200;27.8;23.2;66;1007.8;36;1;0;
82578;23/06/2016;0000;28.4;23.6;65;1004.9;14;0.7;0;
82578;23/06/2016;1200;27.6;23;67;1007.8;9;1.5;8;
82578;24/06/2016;0000;25.2;23.2;84;1004.8;0;0;0;
82578;24/06/2016;1200;28.6;22.6;58;1007.4;9;0.5;0;
82578;25/06/2016;0000;25;23;84;1003.9;0;0;0;
82578;25/06/2016;1200;28;22;57;1007.2;14;1;0;
82578;26/06/2016;0000;26;23.2;78;1003.7;0;0;3;
82578;26/06/2016;1200;28.2;23;62;1007.4;9;1.5;0;
82578;27/06/2016;0000;28.4;25;75;1005.3;14;0.4;4;
82578;27/06/2016;1200;27.4;22;60;1008.7;14;2;2;
82578;28/06/2016;0000;29;24.6;68;1006.2;14;0.5;8;
82578;28/06/2016;1200;27.8;22.4;61;1008.6;14;2;0;
82578;29/06/2016;0000;27.8;24;72;1005.3;14;1;0;
82578;29/06/2016;1200;27.4;22;60;1008;14;1.5;0;
82578;30/06/2016;0000;25;23;84;1004.6;0;0;0;
82578;30/06/2016;1200;27;20.4;52;1007.3;14;2;0;
82578;01/07/2016;0000;24;22.4;86;1004.8;9;0.5;0;
82578;01/07/2016;1200;27.4;21.6;58;1007.9;14;1.6;0;
82578;02/07/2016;0000;24.6;22;79;1005;0;0;2;
82578;02/07/2016;1200;28.2;22.6;60;1007.4;14;2;0;
82578;03/07/2016;0000;30;23.4;55;1005.2;14;0.5;8;
82578;03/07/2016;1200;28.2;22.6;60;1008.1;14;3;0;
82578;04/07/2016;0000;26.6;24;80;1005.6;14;0.5;2;
82578;04/07/2016;1200;28.2;22;56;1008.2;14;2.5;0;
82578;05/07/2016;0000;26.4;23;73;1005.4;0;0;8;
82578;05/07/2016;1200;28;22;57;1007.8;14;3;0;
82578;06/07/2016;0000;25;22;76;1004.2;0;0;0;
82578;06/07/2016;1200;27.6;22.4;62;1007.4;14;2;0;
82578;07/07/2016;0000;28.2;25;76;1006;0;0;8;
82578;07/07/2016;1200;30;24;59;1007.6;9;1;0;
82578;08/07/2016;0000;27.2;24;76;1004.3;0;0;6;
82578;08/07/2016;1200;27.4;24.4;77;1008.8;36;0.5;8;
82578;09/07/2016;0000;27;24.2;78;1005.1;0;0;0;
82578;09/07/2016;1200;27;24.2;78;1008.6;9;1;8;
82578;10/07/2016;0000;26.6;24.2;81;1005.6;36;0.5;8;
82578;10/07/2016;1200;26.6;24;80;1008;14;1;6;
82578;11/07/2016;0000;26;23.2;78;1003.4;0;0;2;
82578;11/07/2016;1200;28;24;70;1006.8;14;0.6;0;
82578;12/07/2016;0000;26.2;23.4;78;1002.8;0;0;2;
82578;12/07/2016;1200;26.6;24;80;1006.2;9;1;2;
82578;13/07/2016;0000;26;23.4;79;1003.7;0;0;3;
82578;13/07/2016;1200;28;24.2;72;1006.6;9;1;0;
82578;14/07/2016;0000;26;24;84;1003.5;5;0.6;0;
82578;14/07/2016;1200;27.6;24.4;76;1006;5;1;0;
82578;15/07/2016;0000;26;23;76;1001.7;0;0;2;
82578;15/07/2016;1200;28;24.2;72;1005.2;14;0.8;0;
82578;16/07/2016;0000;25.6;22.4;75;1001.5;0;0;0;
82578;16/07/2016;1200;27.8;24.2;73;1005.2;27;1;0;
82578;17/07/2016;0000;25;22;76;1003.1;0;0;0;
82578;17/07/2016;1200;27;23.4;73;1006.3;36;0.5;0;
82578;18/07/2016;0000;26.6;24.2;81;1003.4;0;0;0;
82578;18/07/2016;1200;28;24.6;75;1006.1;5;1;3;
82578;19/07/2016;0000;27.6;22.8;65;1005.3;36;1.5;6;
82578;19/07/2016;1200;29;24;65;1007.8;9;2;6;
82578;20/07/2016;0000;26.6;24.2;81;1004.1;0;0;0;
82578;20/07/2016;1200;28.2;23.2;64;1007;14;2;3;
82578;21/07/2016;0000;25;22;76;1003.5;0;0;0;
82578;21/07/2016;1200;25.2;23.2;84;1007.2;14;1;1;
82578;22/07/2016;0000;24.4;21.2;74;1003.8;0;0;0;
82578;22/07/2016;1200;27;23.4;73;1006.8;36;0.6;0;
82578;23/07/2016;0000;24;20;68;1003.6;0;0;0;
82578;23/07/2016;1200;27.4;21.4;56;1007.3;14;1.5;2;
82578;24/07/2016;0000;24;20.4;71;1004;0;0;0;
82578;24/07/2016;1200;28;21;51;1007;14;1;3;
82578;25/07/2016;0000;25.4;22.4;76;1003.5;0;0;6;
82578;25/07/2016;1200;27.4;20.4;50;1005.3;14;2;2;
82578;26/07/2016;0000;25;21;68;1002.9;0;0;0;
82578;26/07/2016;1200;27.6;20.4;50;1006.4;9;1;0;
82578;27/07/2016;0000;24.2;20;66;1004;0;0;0;
82578;27/07/2016;1200;27;20.2;51;1007.1;14;1;0;
82578;28/07/2016;0000;24.2;21;74;1003.2;0;0;0;
82578;28/07/2016;1200;27.2;22.4;64;1005.4;14;0.5;0;
82578;29/07/2016;0000;29;23.2;59;1002.9;0;0;5;
82578;29/07/2016;1200;28.4;24.4;70;1006.1;18;0.6;0;
82578;30/07/2016;0000;26;23;76;1003.5;0;0;3;
82578;30/07/2016;1200;28;20.2;46;1006.8;14;2;0;
82578;31/07/2016;0000;27;20.6;54;1003.3;14;0.6;0;
82578;31/07/2016;1200;28;22;57;1006.3;14;4;6;
82578;01/08/2016;0000;26;22.2;71;1003.5;0;0;5;
82578;01/08/2016;1200;28;20.4;47;1006.8;14;3;0;
82578;02/08/2016;0000;25.4;22.4;76;1004;0;0;0;
82578;02/08/2016;1200;28;20.8;50;1007.1;9;1.5;0;
82578;03/08/2016;0000;25.8;21.6;68;1004.3;0;0;0;
82578;03/08/2016;1200;28.4;21;49;1006.4;14;1.2;0;
82578;04/08/2016;0000;26.4;22.4;69;1003.8;18;0.5;2;
82578;04/08/2016;1200;28.6;21.4;51;1007.2;14;1.5;0;
82578;05/08/2016;0000;26;22;69;1004.2;14;0.5;0;
82578;05/08/2016;1200;27.8;20.4;48;1007.9;14;1.5;0;
82578;06/08/2016;0000;25.8;22;71;1004.1;0;0;0;
82578;06/08/2016;1200;28.4;20.6;46;1007.7;14;1.2;0;
82578;07/08/2016;0000;26;21.8;68;1004.4;0;0;2;
82578;07/08/2016;1200;29;21.2;47;1007.9;14;2;0;
82578;08/08/2016;0000;25;21;68;1004.3;18;1;0;
82578;08/08/2016;1200;27.4;23;67;1007.5;5;1;0;
82578;09/08/2016;0000;26.2;22;68;1003.6;0;0;2;
82578;09/08/2016;1200;27.8;23.8;70;1007.1;5;0.5;0;
82578;10/08/2016;0000;27.4;23.8;73;1003.9;36;0.5;0;
82578;10/08/2016;1200;27.8;24.2;73;1006.6;9;1;1;
82578;11/08/2016;0000;27.2;24;76;1003.1;0;0;0;
82578;11/08/2016;1200;28.4;24.6;72;1006.2;36;1.2;2;
82578;12/08/2016;0000;28.6;24.2;68;1002.2;0;0;8;
82578;12/08/2016;1200;27.6;23.6;70;1006.8;9;1;0;
82578;13/08/2016;0000;27.6;24;73;1002.3;0;0;0;
82578;13/08/2016;1200;27.8;23.8;70;1006.8;9;1;0;
82578;14/08/2016;0000;25.4;22;73;1002.8;0;0;0;
82578;14/08/2016;1200;27.6;22;60;1006.4;5;1.5;0;
82578;15/08/2016;0000;26.6;23;73;1002.5;0;0;5;
82578;15/08/2016;1200;27.4;23.4;70;1006.2;36;1;0;
82578;16/08/2016;0000;27.2;23;68;1002.4;5;0.5;2;
82578;16/08/2016;1200;28;24;70;1006.2;18;1.3;2;
82578;17/08/2016;0000;27.6;23.8;72;1002.1;0;0;0;
82578;17/08/2016;1200;27.2;24.4;78;1006.2;9;1.5;10;
82578;18/08/2016;0000;29;24.4;67;1002.2;0;0;8;
82578;18/08/2016;1200;29;24;65;1006;9;1;0;
82578;19/08/2016;0000;29;23.8;63;1001.9;0;0;4;
82578;19/08/2016;1200;28.2;23.4;65;1006;9;1.2;2;
82578;20/08/2016;0000;27.8;23.4;68;1002.7;14;0.5;3;
82578;20/08/2016;1200;28.4;23.4;64;1006.1;9;0.5;0;
82578;21/08/2016;0000;28.8;24.2;67;1002.6;36;0.5;8;
82578;21/08/2016;1200;29;24;65;1006.2;9;1;2;
82578;22/08/2016;0000;28.8;24.8;71;1003;0;0;0;
82578;22/08/2016;1200;28.6;24.4;70;1006.9;36;1;0;
82578;23/08/2016;0000;30;25;65;1001.9;0;0;0;
82578;23/08/2016;1200;27.8;24.4;75;1007;5;1.5;8;
82578;24/08/2016;0000;27.4;24;74;1003.1;0;0;0;
82578;24/08/2016;1200;29.2;24.4;66;1007.5;9;1.5;5;
82578;25/08/2016;0000;27.2;23;68;1002.8;18;0.6;4;
82578;25/08/2016;1200;30;23;53;1006.5;9;2;2;
82578;26/08/2016;0000;26.4;21.6;63;1003.2;0;0;0;
82578;26/08/2016;1200;29.4;22.4;52;1005.6;9;3;0;
82578;27/08/2016;0000;28;23;64;1002.5;0;0;4;
82578;27/08/2016;1200;30;23.2;54;1005.5;14;2;0;
82578;28/08/2016;0000;30;24;59;1001.4;27;0.4;4;
82578;28/08/2016;1200;29.4;24.4;65;1005.9;14;3;5;
82578;29/08/2016;0000;28.8;24;66;1002.2;0;0;2;
82578;29/08/2016;1200;29.2;22.6;54;1006.1;9;2;8;
82578;30/08/2016;0000;29.4;23.8;61;1002.7;0;0;0;
82578;30/08/2016;1200;28.4;23.4;64;1006.5;14;1;2;
82578;31/08/2016;0000;28.8;23.4;62;1002.4;0;0;3;
82578;31/08/2016;1200;29;24.4;67;1006.5;9;1.5;0;
82578;01/09/2016;0000;30;24;59;1001.9;9;0.5;2;
82578;01/09/2016;1200;31.4;24;52;1005.3;9;1.2;2;
82578;02/09/2016;0000;30.2;24;58;1001.8;0;0;5;
82578;02/09/2016;1200;30.8;22;44;1006.3;5;2;2;
82578;03/09/2016;0000;27.6;23;66;1002.5;0;0;0;
82578;03/09/2016;1200;29.2;23.4;59;1006.7;14;1.5;2;
82578;04/09/2016;0000;29.2;23.2;58;1002.5;0;0;5;
82578;04/09/2016;1200;30.8;23;49;1006.3;9;2.2;2;
82578;05/09/2016;0000;29;24;65;1002.6;9;0.5;4;
82578;05/09/2016;1200;31;22.6;46;1006.6;14;1.6;0;
82578;06/09/2016;0000;28.4;23;61;1002.6;0;0;2;
82578;06/09/2016;1200;31.2;22.6;45;1006.5;14;2;0;
82578;07/09/2016;0000;29;23.2;59;1003.2;0;0;2;
82578;07/09/2016;1200;30.8;23.6;53;1006.3;14;0.5;0;
82578;08/09/2016;0000;30.8;24.6;59;1002.3;0;0;3;
82578;08/09/2016;1200;28;24;70;1006.5;36;0.5;0;
82578;09/09/2016;0000;31;25;60;1001.8;23;0.4;2;
82578;09/09/2016;1200;28.2;24.2;70;1006.7;5;0.5;6;
82578;10/09/2016;0000;28.6;24;67;1002.4;0;0;0;
82578;10/09/2016;1200;28.8;24;66;1007.7;9;1;2;
82578;11/09/2016;0000;28.6;23.2;62;1003.4;0;0;2;
82578;11/09/2016;1200;31.2;24;53;1006.7;5;4;3;
82578;12/09/2016;0000;30.4;24;57;1002.4;0;0;6;
82578;12/09/2016;1200;31.4;24.4;54;1004.9;9;1;4;
82578;13/09/2016;0000;30.8;25;61;1001.7;23;0.5;4;
82578;13/09/2016;1200;29.4;25;68;1005.3;5;1.2;0;
82578;14/09/2016;0000;31.4;25;57;1002.5;36;0.7;10;
82578;14/09/2016;1200;29;24.8;70;1006.4;9;0.6;3;
82578;15/09/2016;0000;28.8;22.2;54;1001.9;14;0.5;0;
82578;15/09/2016;1200;29;24;65;1006.3;9;1;3;
82578;16/09/2016;0000;32.6;25;52;1001.6;36;0.6;8;
82578;16/09/2016;1200;30.4;24;57;1005.9;5;1;2;
82578;17/09/2016;0000;30.8;22;44;1001.7;0;0;0;
82578;17/09/2016;1200;29.6;23.8;60;1006.3;9;1;3;
82578;18/09/2016;0000;30.8;23;49;1001.9;32;3;8;
82578;18/09/2016;1200;29;24.4;67;1006;14;0.5;3;
82578;19/09/2016;0000;28.8;22.6;57;1001.6;36;0.5;0;
82578;19/09/2016;1200;29;24.2;66;1005.9;14;0.4;0;
82578;20/09/2016;0000;29;23.8;63;1000.9;0;0;6;
82578;20/09/2016;1200;29;24;65;1005.5;36;1;2;
82578;21/09/2016;0000;28.6;24;67;1001.4;0;0;0;
82578;21/10/2016;1200;28.6;24.4;70;1003.1;5;3;2;
82578;22/10/2016;0000;28.2;24.6;73;1001.2;32;1;10;
82578;22/10/2016;1200;29;24.6;68;1003.8;9;1.5;8;
82578;23/10/2016;0000;30.4;26;69;1000.1;0;0;0;
82578;23/10/2016;1200;27.8;24.2;73;1004.9;9;1;8;
82578;24/10/2016;0000;31.2;24.4;55;1000.4;18;2;10;
82578;24/10/2016;1200;30.4;24.2;58;1004.8;14;1;8;
82578;25/10/2016;0000;32.4;25.2;54;1000.9;27;0.6;8;
82578;25/10/2016;1200;31;24.4;56;1003.2;14;1.5;0;
82578;26/10/2016;0000;29.8;24;60;999.3;0;0;4;
82578;26/10/2016;1200;30.6;25;62;1002.4;14;1;2;
82578;27/10/2016;0000;31.2;26;65;997.7;0;0;4;
82578;27/10/2016;1200;30.4;24.8;61;1002.2;14;1;0;
82578;28/10/2016;0000;30;24.2;60;998.8;0;0;0;
82578;28/10/2016;1200;30.4;23.8;55;1003.3;9;2;0;
82578;29/10/2016;0000;29.2;22.8;56;1000;5;0.6;0;
82578;29/10/2016;1200;29.4;24.8;67;1005.5;18;0.5;6;
82578;30/10/2016;0000;32.4;25;53;1000.6;27;0.5;1;
82578;30/10/2016;1200;30;24.8;64;1005.3;18;0.5;3;
82578;31/10/2016;0000;31.4;24.6;55;1000.2;0;0;3;
82578;31/10/2016;1200;29;24.8;70;1005.4;9;1;5;
82578;01/11/2016;0000;32;25;55;999.6;9;0.5;8;
82578;01/11/2016;1200;30.2;;59;1003.5;14;1.02888;5;
82578;02/11/2016;0000;29.6;;53;999.7;0;0;2.5;
82578;02/11/2016;1200;32.4;;44;1002.7;14;1.54332;0;
82578;03/11/2016;0000;29.8;;46;999.7;0;0;0;
82578;03/11/2016;1200;32;;50;1004.1;9;2.05776;2.5;
82578;04/11/2016;0000;31;;52;1001;9;0.51444;2.5;
82578;04/11/2016;1200;32.8;;45;1005.4;9;3.08664;0;
82578;05/11/2016;0000;30.1;;58;1000.9;0;0;0;
82578;05/11/2016;1200;32.4;;49;1004.6;9;2.05776;2.5;
82578;06/11/2016;0000;33;;55;1001.1;0;0;7.5;
82578;06/11/2016;1200;32;;53;1004.1;9;3.08664;5;
82578;07/11/2016;0000;30.8;;60;999.8;27;0.51444;7.5;
82578;07/11/2016;1200;32.4;;49;1003.4;9;2.05776;6.25;
82578;08/11/2016;0000;32.2;;57;999.1;0;0;7.5;
82578;08/11/2016;1200;30.8;;62;1003.5;14;0.51444;7.5;
82578;09/11/2016;0000;30.4;;59;999.6;36;0.51444;0;
82578;09/11/2016;1200;30.4;;57;1004.1;9;1.54332;6.25;
82578;10/11/2016;0000;33;;45;1001.2;36;2.05776;6.25;
82578;10/11/2016;1200;32;;54;1004.5;5;2.05776;3.75;
82578;11/11/2016;0000;32;;67;1000.5;0;0;7.5;
82578;11/11/2016;1200;31.6;;52;1002.1;9;1.54332;0;
82578;12/11/2016;0000;33.2;;55;998.5;0;0;7.5;
82578;12/11/2016;1200;31.6;;51;1001.4;5;2.05776;3.75;
82578;13/11/2016;0000;30.4;;65;998;0;0;10;
82578;13/11/2016;1200;30.6;;56;1002.3;18;0.51444;0;
82578;14/11/2016;0000;31.2;;52;997.9;14;1.02888;0;
82578;20/04/2017;0000;26.4;;92;1001;0;0;0;
82578;01/05/2017;0000;27.8;;92;1003.4;0;0;10;
82578;01/05/2017;1200;25.4;;90;1006.8;14;1.02888;8.75;
82578;02/05/2017;0000;25.4;;95;1003.2;0;0;7.5;
82578;02/05/2017;1200;27;;90;1005.2;5;1.02888;10;
82578;03/05/2017;0000;26.2;;95;1002.5;0;0;6.25;
82578;03/05/2017;1200;28.4;;85;1004.6;9;1.02888;3.75;
82578;04/05/2017;0000;26.2;;95;1002.5;0;0;6.25;
82578;04/05/2017;1200;28.6;;84;1003.9;5;0.51444;3.75;
82578;05/05/2017;0000;26.2;;94;1002.3;0;0;7.5;
82578;05/05/2017;1200;28.2;;85;1004.4;14;1.02888;7.5;
82578;06/05/2017;0000;26.2;;95;1002.8;0;0;0;
82578;06/05/2017;1200;28.2;;89;1004.2;14;1.02888;2.5;
82578;07/05/2017;0000;25.6;;93;1002.3;0;0;0;
82578;07/05/2017;1200;28.8;;85;1003.5;5;1.02888;2.5;
82578;08/05/2017;0000;26.2;;97;1001.4;0;0;0;
82578;08/05/2017;1200;27.8;;86;1002.8;5;0.51444;7.5;
82578;09/05/2017;0000;27.2;;92;1001.9;36;1.02888;10;
82578;09/05/2017;1200;27.4;;84;1004.3;18;0.51444;7.5;
82578;10/05/2017;0000;24.8;;97;1002.8;0;0;10;
82578;10/05/2017;1200;28;;86;1004.1;0;0;10;
82578;11/05/2017;0000;25;;95;1003.3;5;1.54332;10;
82578;11/05/2017;1200;26.6;;90;1004.4;0;0;10;
82578;12/05/2017;0000;24.6;;92;1002.7;36;1.02888;10;
82578;12/05/2017;1200;26.6;;87;1005.2;0;0;10;
82578;13/05/2017;0000;25.6;;95;1003.5;0;0;2.5;
82578;13/05/2017;1200;27;;90;1005.6;5;0.51444;7.5;
82578;14/05/2017;0000;25.8;;93;1003.8;0;0;5;
82578;14/05/2017;1200;28.8;;81;1005.7;36;1.02888;7.5;
82578;15/05/2017;0000;26.4;;97;1003.5;36;0.51444;0;
82578;15/05/2017;1200;27;;87;1005.8;9;0.51444;10;
82578;16/05/2017;0000;26.4;;95;1003.1;0;0;0;
82578;16/05/2017;1200;28;;88;1005;5;1.02888;5;
82578;17/05/2017;0000;26.2;;95;1003.1;0;0;0;
82578;17/05/2017;1200;28;;83;1005.1;5;0.51444;2.5;
82578;18/05/2017;0000;26.2;;92;1002.8;0;0;0;
82578;18/05/2017;1200;29;;77;1004.3;5;0.51444;1.25;
82578;19/05/2017;0000;26.6;;95;1001.4;0;0;5;
82578;19/05/2017;1200;28.6;;75;1003.2;5;0.51444;6.25;
82578;20/05/2017;0000;26.4;;92;1001;0;0;0;
82578;20/05/2017;1200;26.2;;95;1004;0;0;8.75;
82578;21/05/2017;0000;26.6;;95;1001.7;0;0;0;
82578;21/05/2017;1200;29;;78;1004.1;14;1.02888;2.5;
82578;22/05/2017;0000;26.6;;95;1001.8;0;0;5;
82578;22/05/2017;1200;29.2;;70;1004.4;14;0.51444;1.25;
82578;23/05/2017;0000;25.8;;93;1002.4;0;0;3.75;
82578;23/05/2017;1200;29.4;;70;1005.9;14;1.02888;1.25;
82578;24/05/2017;0000;25.6;;93;1004.1;0;0;1.25;
82578;24/05/2017;1200;29;;75;1006.7;0;0;2.5;
82578;25/05/2017;0000;25.4;;93;1004.4;0;0;0;
82578;25/05/2017;1200;27.6;;80;1006.4;5;0;8.75;
82578;26/05/2017;0000;26.8;;87;1004.3;0;0;7.5;
82578;26/05/2017;1200;27;;87;1006.2;5;0.51444;7.5;
82578;27/05/2017;0000;26.8;;80;1005.7;14;1.02888;5;
82578;27/05/2017;1200;26.4;;89;1006.8;0;0;2.5;
82578;28/05/2017;0000;25.6;;93;1004.5;0;0;0;
82578;28/05/2017;1200;29.2;;74;1005.6;0;0;7.5;
82578;29/05/2017;0000;27.2;;89;1004.6;0;0;8.75;
82578;29/05/2017;1200;25.8;;97;1007.9;5;0.51444;10;
82578;30/05/2017;0000;26.2;;92;1005.6;0;0;10;
82578;30/05/2017;1200;27.4;;83;1006.7;5;0;7.5;
82578;31/05/2017;0000;25.8;;95;1003.8;0;0;5;
82578;31/05/2017;1200;25.6;;93;1006;0;0;8.75;
82578;01/06/2017;0000;26;;90;1005.1;36;1.02888;10;
82578;01/06/2017;1200;28;;85;1007;5;0.51444;7.5;
82578;02/06/2017;0000;26.9;;87;1005.2;0;0;7.5;
82578;02/06/2017;1200;28.2;;82;1006.8;0;0;2.5;
82578;03/06/2017;0000;26.8;;92;1005.2;0;0;10;
82578;03/06/2017;1200;28.2;;82;1006.3;14;0.51444;2.5;
82578;04/06/2017;0000;26.4;;90;1005.1;5;0;1.25;
82578;04/06/2017;1200;28.6;;69;1006.3;14;1.54332;1.25;
82578;05/06/2017;0000;25.6;;93;1004.1;0;0;7.5;
82578;05/06/2017;1200;27;;73;1005.6;14;1.02888;10;
82578;06/06/2017;0000;25.1;;95;1003.2;0;0;1.25;
82578;06/06/2017;1200;27.2;;71;1004.9;14;1.54332;0;
82578;07/06/2017;0000;24.8;;93;1002.7;0;0;1.25;
82578;07/06/2017;1200;27.4;;73;1003.4;5;0.51444;0;
82578;08/06/2017;0000;25.2;;91;1002;0;0;5;
82578;08/06/2017;1200;26.8;;81;1004.3;5;0.51444;7.5;
82578;09/06/2017;0000;25.2;;90;1003.1;0;0;10;
82578;09/06/2017;1200;28;;68;1005.6;14;1.54332;0;
82578;10/06/2017;0000;25.8;;89;1002.4;0;0;1.25;
82578;10/06/2017;1200;29;;79;1006.2;9;0;1.25;
82578;11/06/2017;0000;25.8;;92;1003.1;0;0;3.75;
82578;11/06/2017;1200;27.8;;82;1005.9;5;0;3.75;
82578;12/06/2017;0000;26.8;;87;1005.4;0;0;7.5;
82578;12/06/2017;1200;25;;91;1007.8;18;0.51444;8.75;
82578;13/06/2017;0000;25.8;;93;1002.9;5;0;0;
82578;13/06/2017;1200;28.6;;75;1005.7;14;1.54332;1.25;
82578;14/06/2017;0000;25.2;;90;1003.4;5;0.51444;1.25;
82578;14/06/2017;1200;28.2;;67;1006.3;14;1.54332;2.5;
82578;15/06/2017;0000;25.2;;90;1004.2;0;0;1.25;
82578;15/06/2017;1200;27.2;;63;1006.3;14;2.05776;0;
82578;16/06/2017;0000;24.6;;90;1004.6;0;0;0;
82578;16/06/2017;1200;26.8;;84;1006.3;14;1.54332;2.5;
82578;17/06/2017;0000;25.4;;90;1003.8;0;0;0;
82578;17/06/2017;1200;28;;72;1005.1;14;1.54332;1.25;
82578;18/06/2017;0000;25;;92;1003.2;18;0;8.75;
82578;18/06/2017;1200;28.2;;68;1004.2;14;1.02888;2.5;
82578;19/06/2017;0000;25;;90;1002.7;18;0;1.25;
82578;19/06/2017;1200;28.4;;73;1005.3;14;1.02888;7.5;
82578;20/06/2017;0000;27.4;;76;1004.9;14;1.54332;10;
82578;20/06/2017;1200;27.8;;70;1005.6;14;1.02888;7.5;
82578;21/06/2017;0000;24.8;;93;1003.6;0;0;5;
82578;21/06/2017;1200;28.2;;72;1005.7;14;1.54332;1.25;
82578;22/06/2017;0000;27.2;;74;1003.6;18;1.02888;10;
82578;22/06/2017;1200;27;;68;1005.1;9;0.51444;1.25;
82578;23/06/2017;0000;24;;86;1002.9;36;0.51444;0;
82578;23/06/2017;1200;27;;60;1005.6;9;1.02888;1.25;
82578;24/06/2017;0000;26.8;;67;1003.6;18;0.51444;1.25;
82578;24/06/2017;1200;27.6;;67;1006;14;2.05776;3.75;
82578;25/06/2017;0000;26.6;;89;1004.9;5;0.51444;10;
82578;25/06/2017;1200;27.2;;66;1005.7;14;1.54332;7.5;
82578;26/06/2017;0000;26.6;;84;1003.2;0;0;10;
82578;26/06/2017;1200;28;;55;1005.2;9;2.05776;10;
82578;27/06/2017;0000;25.4;;85;1003.1;0;0;7.5;
82578;27/06/2017;1200;27.6;;59;1005.1;9;2.05776;2.5;
82578;28/06/2017;0000;26.4;;82;1003.9;0;0;10;
82578;28/06/2017;1200;26.8;;60;1006.6;14;0.51444;8.75;
82578;29/06/2017;0000;25.4;;87;1004.4;0;0;7.5;
82578;29/06/2017;1200;27.8;;59;1006.3;9;2.05776;2.5;
82578;30/06/2017;0000;26.4;;83;1004.5;0;0;1.25;
82578;30/06/2017;1200;28.2;;69;1007.3;9;1.02888;7.5;
82578;01/07/2017;0000;25.2;;92;1007;36;1.02888;10;
82578;01/07/2017;1200;27.8;;73;1008;0;0;2.5;
82578;02/07/2017;0000;26.6;;90;1006;0;0;7.5;
82578;02/07/2017;1200;26.8;;83;1007.7;0;0;8.75;
82578;03/07/2017;0000;26.8;;81;1006.1;0;0;10;
82578;03/07/2017;1200;26;;73;1008.2;9;1.02888;6.25;
82578;04/07/2017;0000;26;;86;1006;0;0;10;
82578;04/07/2017;1200;26.3;;61;1008.8;18;2.05776;1.25;
82578;05/07/2017;0000;27.2;;59;1006.9;5;0.51444;0;
82578;05/07/2017;1200;25.6;;65;1008.9;14;3.08664;2.5;
82578;06/07/2017;0000;24.4;;80;1006.7;0;0;7.5;
82578;06/07/2017;1200;26.6;;63;1008.3;0;0;2.5;
82578;07/07/2017;0000;25.8;;88;1007.3;0;0;10;
82578;07/07/2017;1200;28;;56;1007.8;0;0;1.25;
82578;08/07/2017;0000;26.8;;83;1005.9;0;0;10;
82578;08/07/2017;1200;27;;59;1008;14;2.05776;1.25;
82578;09/07/2017;0000;24.2;;83;1005.5;0;0;1.25;
82578;09/07/2017;1200;26.2;;21;1007.8;14;0.51444;1.25;
82578;10/07/2017;0000;25.6;;73;1006;18;0.51444;2.5;
82578;10/07/2017;1200;27.2;;56;1007.6;9;1.02888;1.25;
82578;11/07/2017;0000;26;;84;1005.4;0;0;7.5;
82578;11/07/2017;1200;28.6;;59;1007.1;14;1.02888;7.5;
82578;12/07/2017;0000;25.8;;81;1005.3;0;0;1.25;
82578;12/07/2017;1200;27;;63;1007.8;14;3.08664;0;
82578;13/07/2017;0000;23.2;;78;1005.3;0;0;0;
82578;13/07/2017;1200;25;;59;1007.7;0;0;0;
82578;14/07/2017;0000;28.2;;56;1005.6;0;0;0;
82578;14/07/2017;1200;26.4;;59;1008;14;1.02888;2.5;
82578;15/07/2017;0000;23.6;;80;1005.4;0;0;0;
82578;15/07/2017;1200;25.4;;46;1008;0;0;0;
82578;16/07/2017;0000;22.2;;80;1005;0;0;2.5;
82578;16/07/2017;1200;25.8;;58;1007.5;14;0.51444;1.25;
82578;17/07/2017;0000;23;;81;1005.6;0;0;0;
82578;17/07/2017;1200;25.2;;59;1007;9;0.51444;0;
82578;18/07/2017;0000;23;;84;1006.3;0;0;10;
82578;18/07/2017;1200;26;;55;1009.1;14;0.51444;5;
82578;19/07/2017;0000;22.6;;84;1005.8;0;0;0;
82578;19/07/2017;1200;25.6;;58;1008;9;0.51444;0;
82578;20/07/2017;0000;24.2;;84;1006.1;0;0;1.25;
82578;20/07/2017;1200;27.6;;73;1008.3;0;0;1.25;
82578;21/07/2017;0000;27.6;;78;1005.9;14;0.51444;10;
82578;21/07/2017;1200;28.4;;62;1008.2;14;0.51444;1.25;
82578;22/07/2017;0000;27;;76;1006.6;0;0;10;
82578;22/07/2017;1200;27.6;;65;1008.7;14;1.02888;8.75;
82578;23/07/2017;0000;26.8;;81;1005.4;9;0.51444;10;
82578;23/07/2017;1200;28;;62;1008.6;9;1.02888;1.25;
82578;24/07/2017;0000;26.8;;60;1005.7;0;0;5;
82578;24/07/2017;1200;28;;60;1009.4;9;2.05776;2.5;
82578;25/07/2017;0000;26.2;;76;1007.3;18;0.51444;5;
82578;25/07/2017;1200;26.6;;58;1009.1;9;2.05776;0;
82578;26/07/2017;0000;28;;57;1006;9;0.51444;1.25;
82578;26/07/2017;1200;27;;56;1007.3;14;1.54332;0;
82578;27/07/2017;0000;24.8;;77;1004.3;0;0;1.25;
82578;27/07/2017;1200;26.8;;56;1006.2;9;1.02888;0;
82578;28/07/2017;0000;24.8;;77;1004.3;0;0;1.25;
82578;28/07/2017;1200;27.2;;58;1007;18;0.51444;0;
82578;29/07/2017;0000;26.2;;75;1005.4;0;0;10;
82578;29/07/2017;1200;27;;59;1008;14;0.51444;0;
82578;30/07/2017;0000;30.4;;46;1006.3;9;1.02888;6.25;
82578;30/07/2017;1200;26.8;;40;1008.8;14;4.11552;0;
82578;31/07/2017;0000;28;;46;1007;0;0;0;
82578;31/07/2017;1200;27.8;;57;1007.9;9;0.51444;0;
82578;01/08/2017;0000;24.6;;84;1005.3;0;0;1.25;
82578;01/08/2017;1200;26.6;;58;1007.3;14;0.51444;1.25;
82578;01/08/2017;1800;33.6;;32;1002.6;0;0;1.25;
82578;02/08/2017;1200;29.8;;55;1007.9;14;0.51444;2.5;
82578;02/08/2017;1800;34.8;;39;1004.5;5;0.51444;5;
82578;03/08/2017;1200;29.2;;58;1008;0;0;0;
82578;03/08/2017;1800;35.4;;36;1003.6;9;0.51444;1.25;
82578;04/08/2017;1200;28;;72;1007.1;36;0.51444;0;
82578;04/08/2017;1800;35.8;;39;1002.6;0;0;2.5;
82578;05/08/2017;1200;26.2;;81;1006.9;36;0.51444;5;
82578;05/08/2017;1800;34.6;;52;1001.8;36;0.51444;5;
82578;06/08/2017;1200;23;;93;1007.9;5;0.51444;10;
82578;06/08/2017;1800;32.2;;53;1002.8;0;0;3.75;
82578;07/08/2017;1200;27.6;;76;1007.7;9;0.51444;5;
82578;07/08/2017;1800;33.4;;45;1002.4;18;0.51444;3.75;
82578;08/08/2017;1200;28.2;;57;1007.1;9;0.51444;0;
82578;08/08/2017;1800;33.2;;43;1003.1;9;0.51444;1.25;
82578;09/08/2017;1200;28.4;;53;1007;9;0.51444;0;
82578;09/08/2017;1800;34.8;;36;1002.5;18;0.51444;0;
82578;10/08/2017;1200;27.4;;78;1006.7;36;0.51444;2.5;
82578;10/08/2017;1800;34.4;;46;1002.1;18;0.51444;3.75;
82578;11/08/2017;1200;26.4;;81;1005.7;14;0.51444;10;
82578;11/08/2017;1800;34.2;;40;1002;9;0.51444;3.75;
82578;12/08/2017;1200;28.2;;64;1006.4;5;1.02888;10;
82578;12/08/2017;1800;34;;44;1002.4;14;0.51444;2.5;
82578;13/08/2017;1200;28.4;;65;1006.8;14;0.51444;0;
82578;13/08/2017;1800;35;;37;1005.1;0;0;2.5;
82578;14/08/2017;1200;28.6;;67;1005.6;0;0;0;
82578;14/08/2017;1800;35.2;;41;1000.8;14;0.51444;2.5;
82578;15/08/2017;1200;28.2;;75;1004.3;14;0.51444;7.5;
82578;15/08/2017;1800;35.6;;37;1000.8;9;0.51444;2.5;
82578;16/08/2017;1200;27.2;;66;1006.4;5;1.02888;1.25;
82578;16/08/2017;1800;34.2;;41;1001.7;5;0.51444;3.75;
82578;17/08/2017;1200;27.4;;76;1005.2;0;0;0;
82578;17/08/2017;1800;34.5;;38;1001;9;0.51444;3.75;
82578;18/08/2017;1200;27.2;;77;1004.8;36;0.51444;0;
82578;18/08/2017;1800;35;;38;1000.3;18;0.51444;6.25;
82578;19/08/2017;1200;29.2;;66;1004.7;14;0.51444;2.5;
82578;19/08/2017;1800;35.6;;39;999.2;14;0.51444;3.75;
82578;20/08/2017;1200;29.2;;68;1005.5;14;1.02888;7.5;
82578;20/08/2017;1800;34.2;;45;1001.8;36;0.51444;6.25;
82578;21/08/2017;1200;29.4;;68;1007;9;0.51444;0;
82578;21/08/2017;1800;35.8;;43;1002.3;9;0.51444;3.75;
82578;22/08/2017;1200;28.4;;73;1006.3;14;0.51444;0;
82578;22/08/2017;1800;35.2;;37;1000.8;14;1.02888;7.5;
82578;23/08/2017;1200;28.8;;44;1006.7;14;1.02888;0;
82578;23/08/2017;1800;34.6;;36;1001.1;14;0.51444;1.25;
82578;24/08/2017;1200;27.4;;63;1006;9;1.02888;8.75;
82578;24/08/2017;1800;34.8;;36;1001.7;5;1.02888;6.25;
82578;25/08/2017;1200;29.2;;58;1005.8;9;1.54332;2.5;
82578;25/08/2017;1800;35.6;;35;1001.4;9;0.51444;2.5;
82578;26/08/2017;1200;29.8;;51;1006.1;9;1.02888;7.5;
82578;26/08/2017;1800;34.4;;37;1001.5;14;1.02888;10;
82578;27/08/2017;1200;29.9;;43;1005.7;14;0.51444;0;
82578;27/08/2017;1800;35.4;;31;1001.3;14;0.51444;2.5;
82578;28/08/2017;1200;30.6;;45;1005.3;14;1.02888;0;
82578;28/08/2017;1800;36.4;;33;1000.8;9;0.51444;2.5;
82578;29/08/2017;1200;30;;56;1005.7;5;0.51444;1.25;
82578;29/08/2017;1800;36.7;;35;1001.6;18;0;6.25;
82578;30/08/2017;1200;29.4;;59;1006.4;14;0.51444;3.75;
82578;30/08/2017;1800;36.6;;30;1001.5;14;0;2.5;
82578;31/08/2017;1200;29.6;;52;1006.3;5;1.02888;0;
82578;31/08/2017;1800;36.8;;32;1001.9;5;0;2.5;
82578;01/09/2017;1200;28.8;;67;1007.9;5;0.51444;0;
82578;01/09/2017;1800;36.2;;35;1003.5;9;0.51444;5;
82578;02/09/2017;1200;29.8;;55;1008.6;9;1.54332;2.5;
82578;02/09/2017;1800;35.8;;36;1003.5;14;0.51444;3.75;
82578;03/09/2017;1200;29.4;;40;1007.8;9;2.05776;1.25;
82578;03/09/2017;1800;36;;25;1002.5;14;1.54332;0;
82578;04/09/2017;1200;28.8;;40;1006.9;14;3.08664;0;
82578;04/09/2017;1800;36.2;;23;1002.1;14;1.02888;0;
82578;05/09/2017;1200;28.4;;55;1007.4;9;1.02888;2.5;
82578;05/09/2017;1800;35.2;;33;1002.8;9;1.02888;1.25;
82578;06/09/2017;1200;28.8;;58;1007;14;0.51444;1.25;
82578;06/09/2017;1800;35.8;;39;1002;18;0.51444;10;
82578;07/09/2017;1200;29.4;;58;1006.5;14;0.51444;5;
82578;07/09/2017;1800;36.2;;34;1001.1;9;0.51444;5;
82578;08/09/2017;1200;30.4;;58;1004.4;5;0.51444;2.5;
82578;08/09/2017;1800;36;;37;999.7;9;0;5;
82578;09/09/2017;1200;30.4;;46;1005.1;14;1.02888;3.75;
82578;09/09/2017;1800;36.8;;29;999.3;14;0.51444;2.5;
82578;10/09/2017;1200;30.2;;46;1004.9;14;4.11552;0;
82578;10/09/2017;1800;37.2;;34;1000;14;1.54332;5;
82578;11/09/2017;1200;30.2;;50;1006.4;9;4.11552;0;
82578;11/09/2017;1800;36.4;;29;1001.1;0;0;1.25;
82578;12/09/2017;1200;30.2;;42;1006.8;14;1.54332;0;
82578;12/09/2017;1800;37;;32;1001.6;14;0.51444;6.25;
82578;13/09/2017;1200;30;;50;1006.7;14;0.51444;2.5;
82578;13/09/2017;1800;36.4;;33;1002.6;0;0;7.5;
82578;14/09/2017;1200;30.2;;47;1006.7;14;2.05776;0;
82578;14/09/2017;1800;36.2;;31;1001.3;14;0.51444;3.75;
82578;15/09/2017;1200;30.2;;46;1006.8;9;2.05776;7.5;
82578;15/09/2017;1800;36.4;;31;1001.6;0;0;0;
82578;16/09/2017;1200;29.8;;46;1006.8;9;2.05776;0;
82578;16/09/2017;1800;36.2;;27;1000.8;18;0;2.5;
82578;17/09/2017;1200;29.8;;52;1006.2;9;1.02888;8.75;
82578;17/09/2017;1800;36.4;;39;1001.4;0;0;7.5;
82578;18/09/2017;1200;31.4;;42;1006.6;14;1.02888;5;
82578;18/09/2017;1800;37.6;;31;1001.2;14;0.51444;3.75;
82578;19/09/2017;1200;30.6;;48;1006.6;14;0.51444;0;
82578;19/09/2017;1800;37.2;;36;1000.6;9;0.51444;2.5;
82578;20/09/2017;1200;30.8;;43;1006.9;9;2.05776;0;
82578;20/09/2017;1800;36.4;;35;1001.4;9;0.51444;2.5;
82578;21/09/2017;1200;31.2;;40;1006.6;9;2.05776;8.75;
82578;21/09/2017;1800;37.2;;29;1001.4;14;0.51444;8.75;
82578;22/09/2017;1200;30;;53;1006.7;14;2.05776;8.75;
82578;22/09/2017;1800;36.4;;33;1001.8;14;0;5;
82578;23/09/2017;1200;31.2;;48;1005.9;9;0.51444;3.75;
82578;23/09/2017;1800;36.2;;37;1001.1;0;0;5;
82578;24/09/2017;1200;31.4;;40;1004.8;14;3.08664;2.5;
82578;24/09/2017;1800;36.4;;33;999.8;0;0;5;
82578;25/09/2017;1200;30.5;;46;1006.1;9;0.51444;7.5;
82578;25/09/2017;1800;36.2;;31;1000.7;0;0;5;
82578;26/09/2017;1200;30.2;;44;1004.7;9;3.08664;1.25;
82578;26/09/2017;1800;37;;32;998.8;14;2.05776;2.5;
82578;27/09/2017;1200;30.2;;54;1005.1;9;2.5722;2.5;
82578;27/09/2017;1800;37;;34;999.5;14;0.51444;7.5;
82578;28/09/2017;1200;31;;55;1005.1;0;0;2.5;
82578;28/09/2017;1800;38;;35;1000.1;0;0;7.5;
82578;29/09/2017;1200;31.4;;49;1004.7;5;0.51444;2.5;
82578;29/09/2017;1800;37;;35;999;5;1.02888;7.5;
82578;30/09/2017;1200;30;;59;1004.2;5;0.51444;1.25;
82578;30/09/2017;1800;38.2;;24;997.4;5;0.51444;2.5;
82578;01/10/2017;1200;29.6;;57;1002.6;9;0;1.25;
82578;01/10/2017;1800;39;;24;995.7;0;0;1.25;
82578;02/10/2017;1200;29.6;;60;1002.4;0;0;2.5;
82578;02/10/2017;1800;38.8;;23;996.5;9;1.02888;1.25;
82578;03/10/2017;1200;31.6;;47;1004.2;5;3.08664;1.25;
82578;03/10/2017;1800;37.2;;31;999.3;9;0;1.25;
82578;04/10/2017;1200;31.6;;51;1003.3;5;0.51444;1.25;
82578;04/10/2017;1800;37.6;;32;998.9;9;0;5;
82578;05/10/2017;1200;31.6;;18;;9;1.02888;8.75;
82578;05/10/2017;1800;37.6;;31;999.1;0;0;7.5;
82578;06/10/2017;1200;31.8;;48;1004.5;9;4.11552;10;
82578;06/10/2017;1800;36.8;;36;1000.2;18;0.51444;10;
82578;07/10/2017;1200;31.2;;47;1005.2;5;3.08664;10;
82578;07/10/2017;1800;37.2;;33;1000.2;14;0.51444;10;
82578;08/10/2017;1200;29.8;;57;1004.7;14;0;3.75;
82578;08/10/2017;1800;38;;29;998.9;0;0;5;
82578;09/10/2017;1200;30;;61;1004.8;5;0.51444;1.25;
82578;09/10/2017;1800;36.6;;34;999.4;0;0;3.75;
82578;10/10/2017;1200;30;;64;1004;14;0;5;
82578;10/10/2017;1800;37.6;;33;998.3;18;0.51444;5;
82578;11/10/2017;1200;30.4;;57;1003.1;9;0.51444;2.5;
82578;11/10/2017;1800;38;;33;997.5;5;1.02888;5;
82578;12/10/2017;1200;29.8;;61;1003.6;14;0.51444;8.75;
82578;12/10/2017;1800;37;;34;997.7;9;0;8.75;
82578;13/10/2017;1200;31.6;;50;1003.1;5;2.05776;2.5;
82578;13/10/2017;1800;38.2;;30;998.1;14;0.51444;7.5;
82578;14/10/2017;1200;31.8;;53;1003.9;14;0;1.25;
82578;14/10/2017;1800;37.8;;32;998.4;9;0.51444;8.75;
82578;15/10/2017;1200;31.2;;57;1004.3;5;0.51444;2.5;
82578;15/10/2017;1800;38.8;;33;998.8;18;0;8.75;
82578;16/10/2017;1200;29;;69;1006.3;9;0.51444;10;
82578;16/10/2017;1800;36.2;;38;1001.1;9;0.51444;10;
82578;17/10/2017;1200;29.6;;67;1006.3;14;0.51444;8.75;
82578;17/10/2017;1800;37.6;;33;1000.8;18;1.02888;8.75;
82578;18/10/2017;1200;30.6;;57;1006;14;0.51444;8.75;
82578;18/10/2017;1800;36.6;;36;1001.1;18;0;8.75;
82578;19/10/2017;1200;31;;55;1005.6;9;0.51444;10;
82578;19/10/2017;1800;37.2;;31;999.7;9;0;10;
82578;20/10/2017;1200;31.8;;46;1005.6;9;0.51444;1.25;
82578;20/10/2017;1800;38;;24;1000.3;9;0.51444;7.5;
82578;21/10/2017;1200;31.8;;51;1004.6;9;2.05776;10;
82578;21/10/2017;1800;39;;26;999.3;9;1.02888;5;
82578;22/10/2017;1200;32.2;;43;1004.4;9;0.51444;0;
82578;22/10/2017;1800;39.2;;21;998.9;9;1.02888;2.5;
82578;23/10/2017;1200;31;;53;1003.7;5;0.51444;5;
82578;23/10/2017;1800;38.4;;28;997.8;5;0.51444;1.25;
82578;24/10/2017;1200;31;;55;1002.9;18;0;0;
82578;24/10/2017;1800;39;;26;996.9;18;0.51444;5;
82578;25/10/2017;1200;30.6;;59;1003.3;14;0.51444;10;
82578;25/10/2017;1800;39.2;;26;997.4;14;1.02888;5;
82578;26/10/2017;1200;31.2;;54;1003.3;14;0.51444;5;
82578;26/10/2017;1800;38.6;;29;998.2;5;1.02888;7.5;
82578;27/10/2017;1200;31.6;;54;1003.8;5;0.51444;7.5;
82578;27/10/2017;1800;38.6;;32;997.4;14;0.51444;7.5;
82578;28/10/2017;1200;29.6;;59;1003.4;5;0;10;
82578;28/10/2017;1800;38.4;;26;998.1;0;0;10;
82578;29/10/2017;1200;30.4;;59;1003.3;14;0;1.25;
82578;29/10/2017;1800;38;;34;997.1;18;0;5;
82578;30/10/2017;1200;30;;65;1002.1;5;0.51444;10;
82578;30/10/2017;1800;37.8;;34;996.6;36;0;5;
82578;31/10/2017;1200;28.4;;68;1003.9;5;0;10;
82578;31/10/2017;1800;33.2;;46;999.2;0;0;10;
82578;01/11/2017;1200;30.2;;63;1004.3;18;0;10;
82578;01/11/2017;1800;37;;35;999.1;0;0;8.75;
82578;02/11/2017;1200;30;;65;1003.6;0;0;1.25;
82578;02/11/2017;1800;38.4;;33;998;36;0;3.75;
82578;03/11/2017;1200;32.6;;48;1003.3;9;1.02888;5;
82578;03/11/2017;1800;37;;34;998.1;14;0.51444;7.5;
82578;04/11/2017;1200;31.4;;43;1003.4;9;4.62996;0;
82578;04/11/2017;1800;37.8;;29;997.8;9;0;8.75;
82578;05/11/2017;1200;30.6;;49;1003.4;9;1.02888;10;
82578;05/11/2017;1800;38.6;;29;998.1;0;0;10;
82578;06/11/2017;1200;30.8;;56;1002.7;36;1.02888;10;
82578;06/11/2017;1800;38;;32;1007.5;0;0;5;
82578;07/11/2017;1200;29.4;;62;1001.8;0;0;10;
82578;07/11/2017;1800;36.8;;45;996.6;18;0;7.5;
82578;08/11/2017;1200;28.6;;74;1002.6;5;0.51444;10;
82578;08/11/2017;1800;28.2;;76;1000.3;0;0;10;
82578;09/11/2017;1200;30;;65;1001.7;14;0;5;
82578;09/11/2017;1800;35.6;;39;997.8;0;0;8.75;
82578;10/11/2017;1200;30.2;;55;1001.2;14;0;3.75;
82578;10/11/2017;1800;36.4;;41;996.5;14;2.05776;5;
82578;11/11/2017;1200;30;;54;1001.2;5;0;5;
82578;11/11/2017;1800;37.4;;36;996;0;0;7.5;
82578;12/11/2017;1200;29.2;;65;1001.6;0;0;10;
82578;12/11/2017;1800;37.4;;38;996.6;0;0;10;
82578;13/11/2017;1200;29.6;;67;1002.1;36;1.02888;1.25;
82578;13/11/2017;1800;38.2;;29;996.1;5;0.51444;7.5;
82578;14/11/2017;1200;29.2;;61;1002.2;36;0;10;
82578;14/11/2017;1800;37;;38;990.2;5;0;10;
82578;15/11/2017;1200;31;;54;1002.2;5;2.05776;3.75;
82578;15/11/2017;1800;36.6;;38;997.7;36;0;6.25;
82578;16/11/2017;1200;29.8;;65;1003.6;5;0;10;
82578;16/11/2017;1800;34.6;;49;999.3;5;0;10;
82578;17/11/2017;1200;28.2;;62;1003.1;5;0;10;
82578;17/11/2017;1800;34.6;;45;999.8;18;0;10;
82578;18/11/2017;1200;31.6;;53;1001.4;14;1.02888;1.25;
82578;18/11/2017;1800;37.2;;37;996.7;5;0;5;
82578;19/11/2017;1200;28.8;;68;1002;5;0;10;
82578;19/11/2017;1800;35;;45;998.3;23;0;10;
82578;20/11/2017;1200;30;;60;1002.4;0;0;10;
82578;20/11/2017;1800;37.2;;38;997.6;32;0;5;
82578;21/11/2017;1200;29.4;;65;1002.6;5;0.51444;5;
82578;21/11/2017;1800;38;;34;997.2;14;0;5;
82578;22/11/2017;1200;29;;68;1002.9;5;0;10;
82578;22/11/2017;1800;36.6;;42;998.3;27;0;5;
82578;23/11/2017;1200;30.4;;58;1002.7;5;0.51444;0;
82578;23/11/2017;1800;37.8;;35;998.3;32;1.02888;7.5;
82578;24/11/2017;1200;27.4;;76;1004.5;5;0;10;
82578;24/11/2017;1800;30;;73;1000.7;18;0.51444;10;
82578;25/11/2017;1200;25.8;;89;1004.9;23;0;10;
82578;25/11/2017;1800;32.6;;58;1000.6;14;0;7.5;
82578;26/11/2017;1200;28.8;;75;1003.8;9;0;10;
82578;26/11/2017;1800;30;;70;1000.1;9;0;8.75;
82578;27/11/2017;1200;29.6;;71;1003.5;14;0;3.75;
82578;27/11/2017;1800;37.6;;36;999.4;18;0;3.75;
82578;28/11/2017;1200;31;;55;1004.1;9;3.08664;2.5;
82578;28/11/2017;1800;37.2;;37;998.6;9;0;2.5;
82578;29/11/2017;1200;30.2;;60;1003.4;5;0.51444;1.25;
82578;29/11/2017;1800;37;;39;997.6;5;0;2.5;
82578;30/11/2017;1200;30.6;;60;1002.2;5;1.02888;3.75;
82578;30/11/2017;1800;37.2;;41;996.5;14;0;5;
82578;01/12/2017;1200;28.7;;66;1002.8;9;0;10;
82578;01/12/2017;1800;35;;43;998.2;0;0;10;
82578;02/12/2017;1200;29.8;;60;1003.4;5;0;2.5;
82578;02/12/2017;1800;35.4;;32;997.6;14;1.02888;5;
82578;03/12/2017;1200;31.8;;46;1002.4;9;1.02888;3.75;
82578;03/12/2017;1800;38;;28;996.7;14;1.02888;5;
82578;04/12/2017;1200;32.2;;41;1002.2;5;8.23104;0;
82578;04/12/2017;1800;38.2;;26;997.7;5;1.02888;3.75;
82578;05/12/2017;1200;31.4;;52;1002.7;36;0.51444;0;
82578;05/12/2017;1800;38.4;;33;997.7;0;0;3.75;
82578;06/12/2017;1200;31.4;;51;1001.7;14;0;0;
82578;06/12/2017;1800;38.6;;28;996.9;18;0;2.5;
82578;07/12/2017;1200;28.8;;70;1002.7;9;0;10;
82578;07/12/2017;1800;35.8;;45;997.4;18;1.02888;3.75;
82578;08/12/2017;1200;30.2;;60;1003.5;5;0.51444;5;
82578;08/12/2017;1800;35.6;;37;998.6;27;0;10;
82578;09/12/2017;1200;30.2;;58;1002.9;36;1.02888;6.25;
82578;09/12/2017;1800;36;;39;998.5;36;1.02888;10;
82578;10/12/2017;1200;29.2;;66;1004.7;36;1.02888;10;
82578;10/12/2017;1800;33.8;;48;998.5;0;0;10;
82578;11/12/2017;1200;30;;61;1003;36;0.51444;10;
82578;11/12/2017;1800;35.8;;43;998.1;18;0;6.25;
82578;12/12/2017;1200;29.6;;68;1003.2;32;0;8.75;
82578;12/12/2017;1800;37.4;;31;997.5;5;1.02888;2.5;
82578;13/12/2017;1200;29.2;;70;1003.4;0;0;7.5;
82578;13/12/2017;1800;32.4;;58;1000.4;23;1.02888;10;
82578;14/12/2017;1200;26.6;;87;1004.8;9;0;3.75;
82578;14/12/2017;1800;34.4;;42;1000.2;0;0;5;
82578;15/12/2017;1200;28;;76;1004.8;0;0;10;
82578;15/12/2017;1800;26.2;;86;1001.3;18;0;10;
82578;16/12/2017;1200;28.1;;74;1003.7;5;0.51444;6.25;
82578;16/12/2017;1800;34.6;;40;1000;36;0.51444;8.75;
82578;17/12/2017;1200;29.6;;57;1003.4;5;1.02888;1.25;
82578;17/12/2017;1800;35.1;;38;999.8;0;0;10;
82578;18/12/2017;1200;29.2;;68;1003.9;14;0.51444;10;
82578;18/12/2017;1800;33;;48;999.6;32;1.02888;10;
82578;19/12/2017;1200;28;;77;1004.9;0;0;10;
82578;19/12/2017;1800;30.8;;68;1001.2;0;0;10;
82578;20/12/2017;1200;28.8;;77;1002.7;14;0;10;
82578;20/12/2017;1800;34.6;;53;998.8;36;0;10;
82578;21/12/2017;1200;27;;81;1003.7;36;0;7.5;
82578;21/12/2017;1800;35.2;;44;999.6;36;1.02888;7.5;
82578;22/12/2017;1200;27;;83;1003.7;9;0;2.5;
82578;22/12/2017;1800;34.2;;52;999.2;0;0;3.75;
82578;23/12/2017;1200;27.2;;82;1004.1;0;0;10;
82578;23/12/2017;1800;32.2;;62;999.7;18;0;10;
82578;24/12/2017;1200;27.6;;80;1002.8;14;0.51444;10;
82578;24/12/2017;1800;31.4;;62;999.8;18;0;10;
82578;25/12/2017;1200;27.4;;83;1002.7;14;0.51444;10;
82578;25/12/2017;1800;34.2;;52;998;14;1.02888;2.5;
82578;26/12/2017;1200;27;;86;1002.9;36;0;10;
82578;26/12/2017;1800;34.2;;51;998.6;32;1.54332;2.5;
82578;27/12/2017;1200;28;;79;1003.2;36;0;6.25;
82578;27/12/2017;1800;33.6;;54;998.4;14;0;7.5;
82578;28/12/2017;1200;28.8;;72;1002.8;9;1.54332;10;
82578;28/12/2017;1800;34;;56;999.6;0;0;10;
82578;29/12/2017;1200;28.6;;79;1002.7;5;0;10;
82578;29/12/2017;1800;33.6;;60;998.8;36;0;3.75;
82578;30/12/2017;1200;29.2;;66;1004.2;5;0;2.5;
82578;30/12/2017;1800;35.2;;49;999;0;0;2.5;
82578;31/12/2017;1200;28.2;;77;1004.6;5;0.51444;5;
82578;31/12/2017;1800;35.8;;45;999.9;18;0;2.5;
82578;01/01/2018;1200;29;;56;1004.4;0;0;10;
82578;01/01/2018;1800;34.6;;49;999.2;0;0;5;
82578;02/01/2018;1200;28.2;;73;1003.2;5;1.02888;6.25;
82578;02/01/2018;1800;33.5;;52;999;5;0;10;
82578;03/01/2018;1200;27.2;;84;1003.6;5;0.51444;10;
82578;03/01/2018;1800;33.8;;50;999.7;36;0;7.5;
82578;04/01/2018;1200;27.9;;76;1004.9;5;1.02888;8.75;
82578;04/01/2018;1800;29.2;;68;1001.3;0;0;8.75;
82578;05/01/2018;1200;24.2;;91;1006;5;0.51444;10;
82578;05/01/2018;1800;27.2;;81;1002.8;32;0;10;
82578;06/01/2018;1200;27.4;;80;1005.3;14;0.51444;10;
82578;06/01/2018;1800;24;;91;1000.4;18;0;10;
82578;07/01/2018;1200;25;;88;1004.5;0;0;10;
82578;07/01/2018;1800;30.6;;62;1000.4;14;0.51444;10;
82578;08/01/2018;1200;27.2;;81;1004.6;5;0.51444;1.25;
82578;08/01/2018;1800;33.8;;47;999.9;23;1.02888;1.25;
82578;09/01/2018;1200;27;;84;1004.9;5;0.51444;5;
82578;09/01/2018;1800;33.8;;47;1000.4;9;0.51444;5;
82578;10/01/2018;1200;25.4;;90;1006.2;0;0;10;
82578;10/01/2018;1800;31.8;;51;1001.4;32;0;10;
82578;11/01/2018;1200;25.8;;90;1005.4;0;0;8.75;
82578;11/01/2018;1800;31.4;;62;1001.7;36;0.51444;10;
82578;12/01/2018;1200;25.6;;89;1004.8;18;0.51444;10;
82578;12/01/2018;1800;31.8;;53;1000.9;18;0;8.75;
82578;13/01/2018;1200;26.7;;88;1003.9;5;0.51444;10;
82578;13/01/2018;1800;30.4;;70;;18;0;10;
82578;14/01/2018;1200;24.2;;90;1004.6;14;0.51444;10;
82578;14/01/2018;1800;32.2;;55;1000.5;14;0;7.5;
82578;15/01/2018;1200;26.6;;87;1004.5;14;0;5;
82578;15/01/2018;1800;33.6;;46;1000.7;5;1.02888;6.25;
82578;16/01/2018;1200;29.6;;64;1004.1;9;2.05776;0;
82578;16/01/2018;1800;34.6;;51;1000.1;9;1.02888;2.5;
82578;17/01/2018;1200;27.4;;81;1003.2;14;0.51444;8.75;
82578;17/01/2018;1800;33.9;;53;999.8;5;1.02888;10;
82578;18/01/2018;1200;27.6;;77;1004.2;14;0.51444;10;
82578;18/01/2018;1800;30.6;;65;1000.1;14;1.02888;10;
82578;19/01/2018;1200;27.2;;83;1005.1;0;0;10;
82578;19/01/2018;1800;32.6;;57;1000.7;32;1.02888;8.75;
82578;20/01/2018;1200;25;;87;1005.4;14;1.02888;10;
82578;20/01/2018;1800;31.6;;62;1001.1;14;1.02888;8.75;
82578;21/01/2018;1200;26.4;;89;1003.6;5;0.51444;10;
82578;21/01/2018;1800;32.4;;58;999.2;36;1.54332;8.75;
82578;22/01/2018;1200;26.8;;86;1002.3;5;1.02888;8.75;
82578;22/01/2018;1800;31.8;;63;998.8;5;1.02888;5;
82578;23/01/2018;1200;25.4;;93;1002.4;14;1.02888;10;
82578;23/01/2018;1800;30.2;;74;999.1;36;1.54332;10;
82578;24/01/2018;1200;25.6;;90;1002.4;32;0.51444;10;
82578;24/01/2018;1800;32;;64;999;5;1.02888;6.25;
82578;25/01/2018;1200;26.4;;85;1002.8;5;1.54332;6.25;
82578;25/01/2018;1800;32.4;;58;999.1;36;1.02888;10;
82578;26/01/2018;1200;25.4;;89;1002.6;0;0;5;
82578;26/01/2018;1800;30.8;;69;998.3;14;1.02888;8.75;
82578;27/01/2018;1200;25.2;;90;1002.8;36;1.54332;10;
82578;27/01/2018;1800;31.2;;68;998.5;36;0.51444;8.75;
82578;28/01/2018;1200;27;;82;1002.2;0;0;8.75;
82578;28/01/2018;1800;32.4;;56;998.2;36;1.02888;7.5;
82578;29/01/2018;1200;27.2;;84;1001.2;0;0;10;
82578;29/01/2018;1800;29.8;;72;997.3;36;3.08664;10;
82578;30/01/2018;1200;26.4;;90;1001.5;14;1.02888;7.5;
82578;30/01/2018;1800;33;;54;997.4;14;2.05776;5;
82578;31/01/2018;1200;30;;72;1001.5;14;1.02888;2.5;
82578;31/01/2018;1800;34;;51;997.9;14;1.54332;7.5;
82578;01/02/2018;1200;27.8;;80;1001.5;0;0;5;
82578;01/02/2018;1800;33.8;;50;997.3;0;0;6.25;
82578;02/02/2018;1200;25.6;;95;1001.4;0;0;10;
82578;02/02/2018;1800;30;;77;997.7;36;1.02888;10;
82578;03/02/2018;1200;26;;92;1001.4;36;1.02888;10;
82578;03/02/2018;1800;32;;67;999.6;0;0;5;
82578;04/02/2018;1200;25.4;;97;1003.7;36;1.02888;10;
82578;04/02/2018;1800;30.2;;77;999.7;5;1.02888;10;
82578;05/02/2018;1200;25.6;;89;1003;36;1.02888;10;
82578;05/02/2018;1800;32.6;;62;999;32;1.02888;2.5;
82578;06/02/2018;1200;26.4;;86;1002.7;36;1.02888;;
82578;06/02/2018;1800;31.4;;63;999.2;5;0.51444;8.75;
82578;07/02/2018;1200;24;;98;1003.9;18;1.02888;10;
82578;07/02/2018;1800;27;;89;1001.6;0;0;10;
82578;08/02/2018;1200;25.2;;93;1004.3;32;1.02888;10;
82578;08/02/2018;1800;30.8;;72;999.9;0;0;10;
82578;09/02/2018;1200;25.6;;92;1004.1;14;0.51444;10;
82578;09/02/2018;1800;29.8;;73;1000.7;36;1.02888;10;
82578;10/02/2018;1200;26.6;;81;1003.9;9;0.51444;0;
82578;10/02/2018;1800;31.8;;58;1001.2;32;1.54332;7.5;
82578;11/02/2018;1200;25.8;;90;1005;14;0.51444;10;
82578;11/02/2018;1800;29.1;;73;1000.7;18;1.54332;10;
82578;12/02/2018;1200;24;;93;1004.4;32;1.02888;10;
82578;12/02/2018;1800;30;;71;1000.7;14;1.02888;7.5;
82578;13/02/2018;1200;25.2;;84;1004.3;14;1.02888;7.5;
82578;13/02/2018;1800;30;;72;1000.6;14;1.54332;8.75;
82578;14/02/2018;1200;21.8;;98;1006;0;0;10;
82578;14/02/2018;1800;26.8;;78;1001.7;0;0;10;
82578;15/02/2018;1200;24.2;;90;1006.6;36;1.54332;10;
82578;15/02/2018;1800;31.2;;63;1002.1;36;0.51444;5;
82578;16/02/2018;1200;25.6;;90;1006.9;27;0.51444;10;
82578;16/02/2018;1800;31;;67;1001.5;0;0;5;
82578;17/02/2018;1200;23.6;;95;1004.9;36;1.02888;10;
82578;17/02/2018;1800;30.4;;72;999.8;27;1.54332;7.5;
82578;18/02/2018;1200;25;;94;1004.4;32;1.02888;10;
82578;18/02/2018;1800;30.2;;71;999.4;14;0.51444;7.5;
82578;19/02/2018;1200;26.4;;89;1003.2;14;0.51444;5;
82578;19/02/2018;1800;28.2;;85;998.8;18;0.51444;7.5;
82578;20/02/2018;1200;25.8;;93;1002.8;0;0;10;
82578;20/02/2018;1800;28.2;;79;1000.1;36;2.05776;10;
82578;21/02/2018;1200;25;;95;1003.8;36;2.05776;10;
82578;21/02/2018;1800;27;;92;999.8;0;0;10;
82578;22/02/2018;1200;26.2;;90;1004.5;36;1.54332;10;
82578;22/02/2018;1800;31.4;;67;999.9;36;0.51444;7.5;
82578;23/02/2018;1200;26.2;;87;1005.3;32;0.51444;10;
82578;23/02/2018;1800;30;;76;1001;32;1.02888;8.75;
82578;24/02/2018;1200;26.2;;83;1004;5;0.51444;6.25;
82578;24/02/2018;1800;31;;71;999.6;5;1.02888;10;
82578;25/02/2018;1200;26.6;;89;1003.8;36;0.51444;5;
82578;25/02/2018;1800;27.2;;83;1000.9;36;1.54332;10;
82578;26/02/2018;1200;25.6;;92;1005.4;36;0.51444;10;
82578;26/02/2018;1800;29;;77;1002.2;5;1.54332;10;
82578;27/02/2018;1200;27.4;;81;1004.4;9;1.02888;3.75;
82578;27/02/2018;1800;32.4;;61;1000.3;18;2.05776;6.25;
82578;28/02/2018;1200;25;;95;1005.1;36;1.02888;10;
82578;28/02/2018;1800;31.6;;69;1000.1;9;0.51444;3.75;